3		
1	1	0.5
0.999866667	0.999866667	0.5
0.999733333	0.999733333	0.5
0.9996	0.9996	0.5
0.999466667	0.999466667	0.5
0.999333333	0.999333333	0.5
0.9992	0.9992	0.5
0.999066667	0.999066667	0.5
0.998933333	0.998933333	0.5
0.9988	0.9988	0.5
0.998666667	0.998666667	0.5
0.998533333	0.998533333	0.5
0.9984	0.9984	0.5
0.998266667	0.998266667	0.5
0.998133333	0.998133333	0.5
0.998	0.998	0.5
0.997866667	0.997866667	0.5
0.997733333	0.997733333	0.5
0.9976	0.9976	0.5
0.997466667	0.997466667	0.5
0.997333333	0.997333333	0.5
0.9972	0.9972	0.5
0.997066667	0.997066667	0.5
0.996933333	0.996933333	0.5
0.9968	0.9968	0.5
0.996666667	0.996666667	0.5
0.996533333	0.996533333	0.5
0.9964	0.9964	0.5
0.996266667	0.996266667	0.5
0.996133333	0.996133333	0.5
0.996	0.996	0.5
0.995866667	0.995866667	0.5
0.995733333	0.995733333	0.5
0.9956	0.9956	0.5
0.995466667	0.995466667	0.5
0.995333333	0.995333333	0.5
0.9952	0.9952	0.5
0.995066667	0.995066667	0.5
0.994933333	0.994933333	0.5
0.9948	0.9948	0.5
0.994666667	0.994666667	0.5
0.994533333	0.994533333	0.5
0.9944	0.9944	0.5
0.994266667	0.994266667	0.5
0.994133333	0.994133333	0.5
0.994	0.994	0.5
0.993866667	0.993866667	0.5
0.993733333	0.993733333	0.5
0.9936	0.9936	0.5
0.993466667	0.993466667	0.5
0.993333333	0.993333333	0.5
0.9932	0.9932	0.5
0.993066667	0.993066667	0.5
0.992933333	0.992933333	0.5
0.9928	0.9928	0.5
0.992666667	0.992666667	0.5
0.992533333	0.992533333	0.5
0.9924	0.9924	0.5
0.992266667	0.992266667	0.5
0.992133333	0.992133333	0.5
0.992	0.992	0.5
0.991866667	0.991866667	0.5
0.991733333	0.991733333	0.5
0.9916	0.9916	0.5
0.991466667	0.991466667	0.5
0.991333333	0.991333333	0.5
0.9912	0.9912	0.5
0.991066667	0.991066667	0.5
0.990933333	0.990933333	0.5
0.9908	0.9908	0.5
0.990666667	0.990666667	0.5
0.990533333	0.990533333	0.5
0.9904	0.9904	0.5
0.990266667	0.990266667	0.5
0.990133333	0.990133333	0.5
0.99	0.99	0.5
0.989866667	0.989866667	0.5
0.989733333	0.989733333	0.5
0.9896	0.9896	0.5
0.989466667	0.989466667	0.5
0.989333333	0.989333333	0.5
0.9892	0.9892	0.5
0.989066667	0.989066667	0.5
0.988933333	0.988933333	0.5
0.9888	0.9888	0.5
0.988666667	0.988666667	0.5
0.988533333	0.988533333	0.5
0.9884	0.9884	0.5
0.988266667	0.988266667	0.5
0.988133333	0.988133333	0.5
0.988	0.988	0.5
0.987866667	0.987866667	0.5
0.987733333	0.987733333	0.5
0.9876	0.9876	0.5
0.987466667	0.987466667	0.5
0.987333333	0.987333333	0.5
0.9872	0.9872	0.5
0.987066667	0.987066667	0.5
0.986933333	0.986933333	0.5
0.9868	0.9868	0.5
0.986666667	0.986666667	0.5
0.986533333	0.986533333	0.5
0.9864	0.9864	0.5
0.986266667	0.986266667	0.5
0.986133333	0.986133333	0.5
0.986	0.986	0.5
0.985866667	0.985866667	0.5
0.985733333	0.985733333	0.5
0.9856	0.9856	0.5
0.985466667	0.985466667	0.5
0.985333333	0.985333333	0.5
0.9852	0.9852	0.5
0.985066667	0.985066667	0.5
0.984933333	0.984933333	0.5
0.9848	0.9848	0.5
0.984666667	0.984666667	0.5
0.984533333	0.984533333	0.5
0.9844	0.9844	0.5
0.984266667	0.984266667	0.5
0.984133333	0.984133333	0.5
0.984	0.984	0.5
0.983866667	0.983866667	0.5
0.983733333	0.983733333	0.5
0.9836	0.9836	0.5
0.983466667	0.983466667	0.5
0.983333333	0.983333333	0.5
0.9832	0.9832	0.5
0.983066667	0.983066667	0.5
0.982933333	0.982933333	0.5
0.9828	0.9828	0.5
0.982666667	0.982666667	0.5
0.982533333	0.982533333	0.5
0.9824	0.9824	0.5
0.982266667	0.982266667	0.5
0.982133333	0.982133333	0.5
0.982	0.982	0.5
0.981866667	0.981866667	0.5
0.981733333	0.981733333	0.5
0.9816	0.9816	0.5
0.981466667	0.981466667	0.5
0.981333333	0.981333333	0.5
0.9812	0.9812	0.5
0.981066667	0.981066667	0.5
0.980933333	0.980933333	0.5
0.9808	0.9808	0.5
0.980666667	0.980666667	0.5
0.980533333	0.980533333	0.5
0.9804	0.9804	0.5
0.980266667	0.980266667	0.5
0.980133333	0.980133333	0.5
0.98	0.98	0.5
0.979866667	0.979866667	0.5
0.979733333	0.979733333	0.5
0.9796	0.9796	0.5
0.979466667	0.979466667	0.5
0.979333333	0.979333333	0.5
0.9792	0.9792	0.5
0.979066667	0.979066667	0.5
0.978933333	0.978933333	0.5
0.9788	0.9788	0.5
0.978666667	0.978666667	0.5
0.978533333	0.978533333	0.5
0.9784	0.9784	0.5
0.978266667	0.978266667	0.5
0.978133333	0.978133333	0.5
0.978	0.978	0.5
0.977866667	0.977866667	0.5
0.977733333	0.977733333	0.5
0.9776	0.9776	0.5
0.977466667	0.977466667	0.5
0.977333333	0.977333333	0.5
0.9772	0.9772	0.5
0.977066667	0.977066667	0.5
0.976933333	0.976933333	0.5
0.9768	0.9768	0.5
0.976666667	0.976666667	0.5
0.976533333	0.976533333	0.5
0.9764	0.9764	0.5
0.976266667	0.976266667	0.5
0.976133333	0.976133333	0.5
0.976	0.976	0.5
0.975866667	0.975866667	0.5
0.975733333	0.975733333	0.5
0.9756	0.9756	0.5
0.975466667	0.975466667	0.5
0.975333333	0.975333333	0.5
0.9752	0.9752	0.5
0.975066667	0.975066667	0.5
0.974933333	0.974933333	0.5
0.9748	0.9748	0.5
0.974666667	0.974666667	0.5
0.974533333	0.974533333	0.5
0.9744	0.9744	0.5
0.974266667	0.974266667	0.5
0.974133333	0.974133333	0.5
0.974	0.974	0.5
0.973866667	0.973866667	0.5
0.973733333	0.973733333	0.5
0.9736	0.9736	0.5
0.973466667	0.973466667	0.5
0.973333333	0.973333333	0.5
0.9732	0.9732	0.5
0.973066667	0.973066667	0.5
0.972933333	0.972933333	0.5
0.9728	0.9728	0.5
0.972666667	0.972666667	0.5
0.972533333	0.972533333	0.5
0.9724	0.9724	0.5
0.972266667	0.972266667	0.5
0.972133333	0.972133333	0.5
0.972	0.972	0.5
0.971866667	0.971866667	0.5
0.971733333	0.971733333	0.5
0.9716	0.9716	0.5
0.971466667	0.971466667	0.5
0.971333333	0.971333333	0.5
0.9712	0.9712	0.5
0.971066667	0.971066667	0.5
0.970933333	0.970933333	0.5
0.9708	0.9708	0.5
0.970666667	0.970666667	0.5
0.970533333	0.970533333	0.5
0.9704	0.9704	0.5
0.970266667	0.970266667	0.5
0.970133333	0.970133333	0.5
0.97	0.97	0.5
0.969866667	0.969866667	0.5
0.969733333	0.969733333	0.5
0.9696	0.9696	0.5
0.969466667	0.969466667	0.5
0.969333333	0.969333333	0.5
0.9692	0.9692	0.5
0.969066667	0.969066667	0.5
0.968933333	0.968933333	0.5
0.9688	0.9688	0.5
0.968666667	0.968666667	0.5
0.968533333	0.968533333	0.5
0.9684	0.9684	0.5
0.968266667	0.968266667	0.5
0.968133333	0.968133333	0.5
0.968	0.968	0.5
0.967866667	0.967866667	0.5
0.967733333	0.967733333	0.5
0.9676	0.9676	0.5
0.967466667	0.967466667	0.5
0.967333333	0.967333333	0.5
0.9672	0.9672	0.5
0.967066667	0.967066667	0.5
0.966933333	0.966933333	0.5
0.9668	0.9668	0.5
0.966666667	0.966666667	0.5
0.966533333	0.966533333	0.5
0.9664	0.9664	0.5
0.966266667	0.966266667	0.5
0.966133333	0.966133333	0.5
0.966	0.966	0.5
0.965866667	0.965866667	0.5
0.965733333	0.965733333	0.5
0.9656	0.9656	0.5
0.965466667	0.965466667	0.5
0.965333333	0.965333333	0.5
0.9652	0.9652	0.5
0.965066667	0.965066667	0.5
0.964933333	0.964933333	0.5
0.9648	0.9648	0.5
0.964666667	0.964666667	0.5
0.964533333	0.964533333	0.5
0.9644	0.9644	0.5
0.964266667	0.964266667	0.5
0.964133333	0.964133333	0.5
0.964	0.964	0.5
0.963866667	0.963866667	0.5
0.963733333	0.963733333	0.5
0.9636	0.9636	0.5
0.963466667	0.963466667	0.5
0.963333333	0.963333333	0.5
0.9632	0.9632	0.5
0.963066667	0.963066667	0.5
0.962933333	0.962933333	0.5
0.9628	0.9628	0.5
0.962666667	0.962666667	0.5
0.962533333	0.962533333	0.5
0.9624	0.9624	0.5
0.962266667	0.962266667	0.5
0.962133333	0.962133333	0.5
0.962	0.962	0.5
0.961866667	0.961866667	0.5
0.961733333	0.961733333	0.5
0.9616	0.9616	0.5
0.961466667	0.961466667	0.5
0.961333333	0.961333333	0.5
0.9612	0.9612	0.5
0.961066667	0.961066667	0.5
0.960933333	0.960933333	0.5
0.9608	0.9608	0.5
0.960666667	0.960666667	0.5
0.960533333	0.960533333	0.5
0.9604	0.9604	0.5
0.960266667	0.960266667	0.5
0.960133333	0.960133333	0.5
0.96	0.96	0.5
0.959866667	0.959866667	0.5
0.959733333	0.959733333	0.5
0.9596	0.9596	0.5
0.959466667	0.959466667	0.5
0.959333333	0.959333333	0.5
0.9592	0.9592	0.5
0.959066667	0.959066667	0.5
0.958933333	0.958933333	0.5
0.9588	0.9588	0.5
0.958666667	0.958666667	0.5
0.958533333	0.958533333	0.5
0.9584	0.9584	0.5
0.958266667	0.958266667	0.5
0.958133333	0.958133333	0.5
0.958	0.958	0.5
0.957866667	0.957866667	0.5
0.957733333	0.957733333	0.5
0.9576	0.9576	0.5
0.957466667	0.957466667	0.5
0.957333333	0.957333333	0.5
0.9572	0.9572	0.5
0.957066667	0.957066667	0.5
0.956933333	0.956933333	0.5
0.9568	0.9568	0.5
0.956666667	0.956666667	0.5
0.956533333	0.956533333	0.5
0.9564	0.9564	0.5
0.956266667	0.956266667	0.5
0.956133333	0.956133333	0.5
0.956	0.956	0.5
0.955866667	0.955866667	0.5
0.955733333	0.955733333	0.5
0.9556	0.9556	0.5
0.955466667	0.955466667	0.5
0.955333333	0.955333333	0.5
0.9552	0.9552	0.5
0.955066667	0.955066667	0.5
0.954933333	0.954933333	0.5
0.9548	0.9548	0.5
0.954666667	0.954666667	0.5
0.954533333	0.954533333	0.5
0.9544	0.9544	0.5
0.954266667	0.954266667	0.5
0.954133333	0.954133333	0.5
0.954	0.954	0.5
0.953866667	0.953866667	0.5
0.953733333	0.953733333	0.5
0.9536	0.9536	0.5
0.953466667	0.953466667	0.5
0.953333333	0.953333333	0.5
0.9532	0.9532	0.5
0.953066667	0.953066667	0.5
0.952933333	0.952933333	0.5
0.9528	0.9528	0.5
0.952666667	0.952666667	0.5
0.952533333	0.952533333	0.5
0.9524	0.9524	0.5
0.952266667	0.952266667	0.5
0.952133333	0.952133333	0.5
0.952	0.952	0.5
0.951866667	0.951866667	0.5
0.951733333	0.951733333	0.5
0.9516	0.9516	0.5
0.951466667	0.951466667	0.5
0.951333333	0.951333333	0.5
0.9512	0.9512	0.5
0.951066667	0.951066667	0.5
0.950933333	0.950933333	0.5
0.9508	0.9508	0.5
0.950666667	0.950666667	0.5
0.950533333	0.950533333	0.5
0.9504	0.9504	0.5
0.950266667	0.950266667	0.5
0.950133333	0.950133333	0.5
0.95	0.95	0.5
0.949866667	0.949866667	0.5
0.949733333	0.949733333	0.5
0.9496	0.9496	0.5
0.949466667	0.949466667	0.5
0.949333333	0.949333333	0.5
0.9492	0.9492	0.5
0.949066667	0.949066667	0.5
0.948933333	0.948933333	0.5
0.9488	0.9488	0.5
0.948666667	0.948666667	0.5
0.948533333	0.948533333	0.5
0.9484	0.9484	0.5
0.948266667	0.948266667	0.5
0.948133333	0.948133333	0.5
0.948	0.948	0.5
0.947866667	0.947866667	0.5
0.947733333	0.947733333	0.5
0.9476	0.9476	0.5
0.947466667	0.947466667	0.5
0.947333333	0.947333333	0.5
0.9472	0.9472	0.5
0.947066667	0.947066667	0.5
0.946933333	0.946933333	0.5
0.9468	0.9468	0.5
0.946666667	0.946666667	0.5
0.946533333	0.946533333	0.5
0.9464	0.9464	0.5
0.946266667	0.946266667	0.5
0.946133333	0.946133333	0.5
0.946	0.946	0.5
0.945866667	0.945866667	0.5
0.945733333	0.945733333	0.5
0.9456	0.9456	0.5
0.945466667	0.945466667	0.5
0.945333333	0.945333333	0.5
0.9452	0.9452	0.5
0.945066667	0.945066667	0.5
0.944933333	0.944933333	0.5
0.9448	0.9448	0.5
0.944666667	0.944666667	0.5
0.944533333	0.944533333	0.5
0.9444	0.9444	0.5
0.944266667	0.944266667	0.5
0.944133333	0.944133333	0.5
0.944	0.944	0.5
0.943866667	0.943866667	0.5
0.943733333	0.943733333	0.5
0.9436	0.9436	0.5
0.943466667	0.943466667	0.5
0.943333333	0.943333333	0.5
0.9432	0.9432	0.5
0.943066667	0.943066667	0.5
0.942933333	0.942933333	0.5
0.9428	0.9428	0.5
0.942666667	0.942666667	0.5
0.942533333	0.942533333	0.5
0.9424	0.9424	0.5
0.942266667	0.942266667	0.5
0.942133333	0.942133333	0.5
0.942	0.942	0.5
0.941866667	0.941866667	0.5
0.941733333	0.941733333	0.5
0.9416	0.9416	0.5
0.941466667	0.941466667	0.5
0.941333333	0.941333333	0.5
0.9412	0.9412	0.5
0.941066667	0.941066667	0.5
0.940933333	0.940933333	0.5
0.9408	0.9408	0.5
0.940666667	0.940666667	0.5
0.940533333	0.940533333	0.5
0.9404	0.9404	0.5
0.940266667	0.940266667	0.5
0.940133333	0.940133333	0.5
0.94	0.94	0.5
0.939866667	0.939866667	0.5
0.939733333	0.939733333	0.5
0.9396	0.9396	0.5
0.939466667	0.939466667	0.5
0.939333333	0.939333333	0.5
0.9392	0.9392	0.5
0.939066667	0.939066667	0.5
0.938933333	0.938933333	0.5
0.9388	0.9388	0.5
0.938666667	0.938666667	0.5
0.938533333	0.938533333	0.5
0.9384	0.9384	0.5
0.938266667	0.938266667	0.5
0.938133333	0.938133333	0.5
0.938	0.938	0.5
0.937866667	0.937866667	0.5
0.937733333	0.937733333	0.5
0.9376	0.9376	0.5
0.937466667	0.937466667	0.5
0.937333333	0.937333333	0.5
0.9372	0.9372	0.5
0.937066667	0.937066667	0.5
0.936933333	0.936933333	0.5
0.9368	0.9368	0.5
0.936666667	0.936666667	0.5
0.936533333	0.936533333	0.5
0.9364	0.9364	0.5
0.936266667	0.936266667	0.5
0.936133333	0.936133333	0.5
0.936	0.936	0.5
0.935866667	0.935866667	0.5
0.935733333	0.935733333	0.5
0.9356	0.9356	0.5
0.935466667	0.935466667	0.5
0.935333333	0.935333333	0.5
0.9352	0.9352	0.5
0.935066667	0.935066667	0.5
0.934933333	0.934933333	0.5
0.9348	0.9348	0.5
0.934666667	0.934666667	0.5
0.934533333	0.934533333	0.5
0.9344	0.9344	0.5
0.934266667	0.934266667	0.5
0.934133333	0.934133333	0.5
0.934	0.934	0.5
0.933866667	0.933866667	0.5
0.933733333	0.933733333	0.5
0.9336	0.9336	0.5
0.933466667	0.933466667	0.5
0.933333333	0.933333333	0.5
0.9332	0.9332	0.5
0.933066667	0.933066667	0.5
0.932933333	0.932933333	0.5
0.9328	0.9328	0.5
0.932666667	0.932666667	0.5
0.932533333	0.932533333	0.5
0.9324	0.9324	0.5
0.932266667	0.932266667	0.5
0.932133333	0.932133333	0.5
0.932	0.932	0.5
0.931866667	0.931866667	0.5
0.931733333	0.931733333	0.5
0.9316	0.9316	0.5
0.931466667	0.931466667	0.5
0.931333333	0.931333333	0.5
0.9312	0.9312	0.5
0.931066667	0.931066667	0.5
0.930933333	0.930933333	0.5
0.9308	0.9308	0.5
0.930666667	0.930666667	0.5
0.930533333	0.930533333	0.5
0.9304	0.9304	0.5
0.930266667	0.930266667	0.5
0.930133333	0.930133333	0.5
0.93	0.93	0.5
0.929866667	0.929866667	0.5
0.929733333	0.929733333	0.5
0.9296	0.9296	0.5
0.929466667	0.929466667	0.5
0.929333333	0.929333333	0.5
0.9292	0.9292	0.5
0.929066667	0.929066667	0.5
0.928933333	0.928933333	0.5
0.9288	0.9288	0.5
0.928666667	0.928666667	0.5
0.928533333	0.928533333	0.5
0.9284	0.9284	0.5
0.928266667	0.928266667	0.5
0.928133333	0.928133333	0.5
0.928	0.928	0.5
0.927866667	0.927866667	0.5
0.927733333	0.927733333	0.5
0.9276	0.9276	0.5
0.927466667	0.927466667	0.5
0.927333333	0.927333333	0.5
0.9272	0.9272	0.5
0.927066667	0.927066667	0.5
0.926933333	0.926933333	0.5
0.9268	0.9268	0.5
0.926666667	0.926666667	0.5
0.926533333	0.926533333	0.5
0.9264	0.9264	0.5
0.926266667	0.926266667	0.5
0.926133333	0.926133333	0.5
0.926	0.926	0.5
0.925866667	0.925866667	0.5
0.925733333	0.925733333	0.5
0.9256	0.9256	0.5
0.925466667	0.925466667	0.5
0.925333333	0.925333333	0.5
0.9252	0.9252	0.5
0.925066667	0.925066667	0.5
0.924933333	0.924933333	0.5
0.9248	0.9248	0.5
0.924666667	0.924666667	0.5
0.924533333	0.924533333	0.5
0.9244	0.9244	0.5
0.924266667	0.924266667	0.5
0.924133333	0.924133333	0.5
0.924	0.924	0.5
0.923866667	0.923866667	0.5
0.923733333	0.923733333	0.5
0.9236	0.9236	0.5
0.923466667	0.923466667	0.5
0.923333333	0.923333333	0.5
0.9232	0.9232	0.5
0.923066667	0.923066667	0.5
0.922933333	0.922933333	0.5
0.9228	0.9228	0.5
0.922666667	0.922666667	0.5
0.922533333	0.922533333	0.5
0.9224	0.9224	0.5
0.922266667	0.922266667	0.5
0.922133333	0.922133333	0.5
0.922	0.922	0.5
0.921866667	0.921866667	0.5
0.921733333	0.921733333	0.5
0.9216	0.9216	0.5
0.921466667	0.921466667	0.5
0.921333333	0.921333333	0.5
0.9212	0.9212	0.5
0.921066667	0.921066667	0.5
0.920933333	0.920933333	0.5
0.9208	0.9208	0.5
0.920666667	0.920666667	0.5
0.920533333	0.920533333	0.5
0.9204	0.9204	0.5
0.920266667	0.920266667	0.5
0.920133333	0.920133333	0.5
0.92	0.92	0.5
0.919866667	0.919866667	0.5
0.919733333	0.919733333	0.5
0.9196	0.9196	0.5
0.919466667	0.919466667	0.5
0.919333333	0.919333333	0.5
0.9192	0.9192	0.5
0.919066667	0.919066667	0.5
0.918933333	0.918933333	0.5
0.9188	0.9188	0.5
0.918666667	0.918666667	0.5
0.918533333	0.918533333	0.5
0.9184	0.9184	0.5
0.918266667	0.918266667	0.5
0.918133333	0.918133333	0.5
0.918	0.918	0.5
0.917866667	0.917866667	0.5
0.917733333	0.917733333	0.5
0.9176	0.9176	0.5
0.917466667	0.917466667	0.5
0.917333333	0.917333333	0.5
0.9172	0.9172	0.5
0.917066667	0.917066667	0.5
0.916933333	0.916933333	0.5
0.9168	0.9168	0.5
0.916666667	0.916666667	0.5
0.916533333	0.916533333	0.5
0.9164	0.9164	0.5
0.916266667	0.916266667	0.5
0.916133333	0.916133333	0.5
0.916	0.916	0.5
0.915866667	0.915866667	0.5
0.915733333	0.915733333	0.5
0.9156	0.9156	0.5
0.915466667	0.915466667	0.5
0.915333333	0.915333333	0.5
0.9152	0.9152	0.5
0.915066667	0.915066667	0.5
0.914933333	0.914933333	0.5
0.9148	0.9148	0.5
0.914666667	0.914666667	0.5
0.914533333	0.914533333	0.5
0.9144	0.9144	0.5
0.914266667	0.914266667	0.5
0.914133333	0.914133333	0.5
0.914	0.914	0.5
0.913866667	0.913866667	0.5
0.913733333	0.913733333	0.5
0.9136	0.9136	0.5
0.913466667	0.913466667	0.5
0.913333333	0.913333333	0.5
0.9132	0.9132	0.5
0.913066667	0.913066667	0.5
0.912933333	0.912933333	0.5
0.9128	0.9128	0.5
0.912666667	0.912666667	0.5
0.912533333	0.912533333	0.5
0.9124	0.9124	0.5
0.912266667	0.912266667	0.5
0.912133333	0.912133333	0.5
0.912	0.912	0.5
0.911866667	0.911866667	0.5
0.911733333	0.911733333	0.5
0.9116	0.9116	0.5
0.911466667	0.911466667	0.5
0.911333333	0.911333333	0.5
0.9112	0.9112	0.5
0.911066667	0.911066667	0.5
0.910933333	0.910933333	0.5
0.9108	0.9108	0.5
0.910666667	0.910666667	0.5
0.910533333	0.910533333	0.5
0.9104	0.9104	0.5
0.910266667	0.910266667	0.5
0.910133333	0.910133333	0.5
0.91	0.91	0.5
0.909866667	0.909866667	0.5
0.909733333	0.909733333	0.5
0.9096	0.9096	0.5
0.909466667	0.909466667	0.5
0.909333333	0.909333333	0.5
0.9092	0.9092	0.5
0.909066667	0.909066667	0.5
0.908933333	0.908933333	0.5
0.9088	0.9088	0.5
0.908666667	0.908666667	0.5
0.908533333	0.908533333	0.5
0.9084	0.9084	0.5
0.908266667	0.908266667	0.5
0.908133333	0.908133333	0.5
0.908	0.908	0.5
0.907866667	0.907866667	0.5
0.907733333	0.907733333	0.5
0.9076	0.9076	0.5
0.907466667	0.907466667	0.5
0.907333333	0.907333333	0.5
0.9072	0.9072	0.5
0.907066667	0.907066667	0.5
0.906933333	0.906933333	0.5
0.9068	0.9068	0.5
0.906666667	0.906666667	0.5
0.906533333	0.906533333	0.5
0.9064	0.9064	0.5
0.906266667	0.906266667	0.5
0.906133333	0.906133333	0.5
0.906	0.906	0.5
0.905866667	0.905866667	0.5
0.905733333	0.905733333	0.5
0.9056	0.9056	0.5
0.905466667	0.905466667	0.5
0.905333333	0.905333333	0.5
0.9052	0.9052	0.5
0.905066667	0.905066667	0.5
0.904933333	0.904933333	0.5
0.9048	0.9048	0.5
0.904666667	0.904666667	0.5
0.904533333	0.904533333	0.5
0.9044	0.9044	0.5
0.904266667	0.904266667	0.5
0.904133333	0.904133333	0.5
0.904	0.904	0.5
0.903866667	0.903866667	0.5
0.903733333	0.903733333	0.5
0.9036	0.9036	0.5
0.903466667	0.903466667	0.5
0.903333333	0.903333333	0.5
0.9032	0.9032	0.5
0.903066667	0.903066667	0.5
0.902933333	0.902933333	0.5
0.9028	0.9028	0.5
0.902666667	0.902666667	0.5
0.902533333	0.902533333	0.5
0.9024	0.9024	0.5
0.902266667	0.902266667	0.5
0.902133333	0.902133333	0.5
0.902	0.902	0.5
0.901866667	0.901866667	0.5
0.901733333	0.901733333	0.5
0.9016	0.9016	0.5
0.901466667	0.901466667	0.5
0.901333333	0.901333333	0.5
0.9012	0.9012	0.5
0.901066667	0.901066667	0.5
0.900933333	0.900933333	0.5
0.9008	0.9008	0.5
0.900666667	0.900666667	0.5
0.900533333	0.900533333	0.5
0.9004	0.9004	0.5
0.900266667	0.900266667	0.5
0.900133333	0.900133333	0.5
0.9	0.9	0.5
0.899866667	0.899866667	0.5
0.899733333	0.899733333	0.5
0.8996	0.8996	0.5
0.899466667	0.899466667	0.5
0.899333333	0.899333333	0.5
0.8992	0.8992	0.5
0.899066667	0.899066667	0.5
0.898933333	0.898933333	0.5
0.8988	0.8988	0.5
0.898666667	0.898666667	0.5
0.898533333	0.898533333	0.5
0.8984	0.8984	0.5
0.898266667	0.898266667	0.5
0.898133333	0.898133333	0.5
0.898	0.898	0.5
0.897866667	0.897866667	0.5
0.897733333	0.897733333	0.5
0.8976	0.8976	0.5
0.897466667	0.897466667	0.5
0.897333333	0.897333333	0.5
0.8972	0.8972	0.5
0.897066667	0.897066667	0.5
0.896933333	0.896933333	0.5
0.8968	0.8968	0.5
0.896666667	0.896666667	0.5
0.896533333	0.896533333	0.5
0.8964	0.8964	0.5
0.896266667	0.896266667	0.5
0.896133333	0.896133333	0.5
0.896	0.896	0.5
0.895866667	0.895866667	0.5
0.895733333	0.895733333	0.5
0.8956	0.8956	0.5
0.895466667	0.895466667	0.5
0.895333333	0.895333333	0.5
0.8952	0.8952	0.5
0.895066667	0.895066667	0.5
0.894933333	0.894933333	0.5
0.8948	0.8948	0.5
0.894666667	0.894666667	0.5
0.894533333	0.894533333	0.5
0.8944	0.8944	0.5
0.894266667	0.894266667	0.5
0.894133333	0.894133333	0.5
0.894	0.894	0.5
0.893866667	0.893866667	0.5
0.893733333	0.893733333	0.5
0.8936	0.8936	0.5
0.893466667	0.893466667	0.5
0.893333333	0.893333333	0.5
0.8932	0.8932	0.5
0.893066667	0.893066667	0.5
0.892933333	0.892933333	0.5
0.8928	0.8928	0.5
0.892666667	0.892666667	0.5
0.892533333	0.892533333	0.5
0.8924	0.8924	0.5
0.892266667	0.892266667	0.5
0.892133333	0.892133333	0.5
0.892	0.892	0.5
0.891866667	0.891866667	0.5
0.891733333	0.891733333	0.5
0.8916	0.8916	0.5
0.891466667	0.891466667	0.5
0.891333333	0.891333333	0.5
0.8912	0.8912	0.5
0.891066667	0.891066667	0.5
0.890933333	0.890933333	0.5
0.8908	0.8908	0.5
0.890666667	0.890666667	0.5
0.890533333	0.890533333	0.5
0.8904	0.8904	0.5
0.890266667	0.890266667	0.5
0.890133333	0.890133333	0.5
0.89	0.89	0.5
0.889866667	0.889866667	0.5
0.889733333	0.889733333	0.5
0.8896	0.8896	0.5
0.889466667	0.889466667	0.5
0.889333333	0.889333333	0.5
0.8892	0.8892	0.5
0.889066667	0.889066667	0.5
0.888933333	0.888933333	0.5
0.8888	0.8888	0.5
0.888666667	0.888666667	0.5
0.888533333	0.888533333	0.5
0.8884	0.8884	0.5
0.888266667	0.888266667	0.5
0.888133333	0.888133333	0.5
0.888	0.888	0.5
0.887866667	0.887866667	0.5
0.887733333	0.887733333	0.5
0.8876	0.8876	0.5
0.887466667	0.887466667	0.5
0.887333333	0.887333333	0.5
0.8872	0.8872	0.5
0.887066667	0.887066667	0.5
0.886933333	0.886933333	0.5
0.8868	0.8868	0.5
0.886666667	0.886666667	0.5
0.886533333	0.886533333	0.5
0.8864	0.8864	0.5
0.886266667	0.886266667	0.5
0.886133333	0.886133333	0.5
0.886	0.886	0.5
0.885866667	0.885866667	0.5
0.885733333	0.885733333	0.5
0.8856	0.8856	0.5
0.885466667	0.885466667	0.5
0.885333333	0.885333333	0.5
0.8852	0.8852	0.5
0.885066667	0.885066667	0.5
0.884933333	0.884933333	0.5
0.8848	0.8848	0.5
0.884666667	0.884666667	0.5
0.884533333	0.884533333	0.5
0.8844	0.8844	0.5
0.884266667	0.884266667	0.5
0.884133333	0.884133333	0.5
0.884	0.884	0.5
0.883866667	0.883866667	0.5
0.883733333	0.883733333	0.5
0.8836	0.8836	0.5
0.883466667	0.883466667	0.5
0.883333333	0.883333333	0.5
0.8832	0.8832	0.5
0.883066667	0.883066667	0.5
0.882933333	0.882933333	0.5
0.8828	0.8828	0.5
0.882666667	0.882666667	0.5
0.882533333	0.882533333	0.5
0.8824	0.8824	0.5
0.882266667	0.882266667	0.5
0.882133333	0.882133333	0.5
0.882	0.882	0.5
0.881866667	0.881866667	0.5
0.881733333	0.881733333	0.5
0.8816	0.8816	0.5
0.881466667	0.881466667	0.5
0.881333333	0.881333333	0.5
0.8812	0.8812	0.5
0.881066667	0.881066667	0.5
0.880933333	0.880933333	0.5
0.8808	0.8808	0.5
0.880666667	0.880666667	0.5
0.880533333	0.880533333	0.5
0.8804	0.8804	0.5
0.880266667	0.880266667	0.5
0.880133333	0.880133333	0.5
0.88	0.88	0.5
0.879866667	0.879866667	0.5
0.879733333	0.879733333	0.5
0.8796	0.8796	0.5
0.879466667	0.879466667	0.5
0.879333333	0.879333333	0.5
0.8792	0.8792	0.5
0.879066667	0.879066667	0.5
0.878933333	0.878933333	0.5
0.8788	0.8788	0.5
0.878666667	0.878666667	0.5
0.878533333	0.878533333	0.5
0.8784	0.8784	0.5
0.878266667	0.878266667	0.5
0.878133333	0.878133333	0.5
0.878	0.878	0.5
0.877866667	0.877866667	0.5
0.877733333	0.877733333	0.5
0.8776	0.8776	0.5
0.877466667	0.877466667	0.5
0.877333333	0.877333333	0.5
0.8772	0.8772	0.5
0.877066667	0.877066667	0.5
0.876933333	0.876933333	0.5
0.8768	0.8768	0.5
0.876666667	0.876666667	0.5
0.876533333	0.876533333	0.5
0.8764	0.8764	0.5
0.876266667	0.876266667	0.5
0.876133333	0.876133333	0.5
0.876	0.876	0.5
0.875866667	0.875866667	0.5
0.875733333	0.875733333	0.5
0.8756	0.8756	0.5
0.875466667	0.875466667	0.5
0.875333333	0.875333333	0.5
0.8752	0.8752	0.5
0.875066667	0.875066667	0.5
0.874933333	0.874933333	0.5
0.8748	0.8748	0.5
0.874666667	0.874666667	0.5
0.874533333	0.874533333	0.5
0.8744	0.8744	0.5
0.874266667	0.874266667	0.5
0.874133333	0.874133333	0.5
0.874	0.874	0.5
0.873866667	0.873866667	0.5
0.873733333	0.873733333	0.5
0.8736	0.8736	0.5
0.873466667	0.873466667	0.5
0.873333333	0.873333333	0.5
0.8732	0.8732	0.5
0.873066667	0.873066667	0.5
0.872933333	0.872933333	0.5
0.8728	0.8728	0.5
0.872666667	0.872666667	0.5
0.872533333	0.872533333	0.5
0.8724	0.8724	0.5
0.872266667	0.872266667	0.5
0.872133333	0.872133333	0.5
0.872	0.872	0.5
0.871866667	0.871866667	0.5
0.871733333	0.871733333	0.5
0.8716	0.8716	0.5
0.871466667	0.871466667	0.5
0.871333333	0.871333333	0.5
0.8712	0.8712	0.5
0.871066667	0.871066667	0.5
0.870933333	0.870933333	0.5
0.8708	0.8708	0.5
0.870666667	0.870666667	0.5
0.870533333	0.870533333	0.5
0.8704	0.8704	0.5
0.870266667	0.870266667	0.5
0.870133333	0.870133333	0.5
0.87	0.87	0.5
0.869866667	0.869866667	0.5
0.869733333	0.869733333	0.5
0.8696	0.8696	0.5
0.869466667	0.869466667	0.5
0.869333333	0.869333333	0.5
0.8692	0.8692	0.5
0.869066667	0.869066667	0.5
0.868933333	0.868933333	0.5
0.8688	0.8688	0.5
0.868666667	0.868666667	0.5
0.868533333	0.868533333	0.5
0.8684	0.8684	0.5
0.868266667	0.868266667	0.5
0.868133333	0.868133333	0.5
0.868	0.868	0.5
0.867866667	0.867866667	0.5
0.867733333	0.867733333	0.5
0.8676	0.8676	0.5
0.867466667	0.867466667	0.5
0.867333333	0.867333333	0.5
0.8672	0.8672	0.5
0.867066667	0.867066667	0.5
0.866933333	0.866933333	0.5
0.8668	0.8668	0.5
0.866666667	0.866666667	0.5
0.866533333	0.866533333	0.5
0.8664	0.8664	0.5
0.866266667	0.866266667	0.5
0.866133333	0.866133333	0.5
0.866	0.866	0.5
0.865866667	0.865866667	0.5
0.865733333	0.865733333	0.5
0.8656	0.8656	0.5
0.865466667	0.865466667	0.5
0.865333333	0.865333333	0.5
0.8652	0.8652	0.5
0.865066667	0.865066667	0.5
0.864933333	0.864933333	0.5
0.8648	0.8648	0.5
0.864666667	0.864666667	0.5
0.864533333	0.864533333	0.5
0.8644	0.8644	0.5
0.864266667	0.864266667	0.5
0.864133333	0.864133333	0.5
0.864	0.864	0.5
0.863866667	0.863866667	0.5
0.863733333	0.863733333	0.5
0.8636	0.8636	0.5
0.863466667	0.863466667	0.5
0.863333333	0.863333333	0.5
0.8632	0.8632	0.5
0.863066667	0.863066667	0.5
0.862933333	0.862933333	0.5
0.8628	0.8628	0.5
0.862666667	0.862666667	0.5
0.862533333	0.862533333	0.5
0.8624	0.8624	0.5
0.862266667	0.862266667	0.5
0.862133333	0.862133333	0.5
0.862	0.862	0.5
0.861866667	0.861866667	0.5
0.861733333	0.861733333	0.5
0.8616	0.8616	0.5
0.861466667	0.861466667	0.5
0.861333333	0.861333333	0.5
0.8612	0.8612	0.5
0.861066667	0.861066667	0.5
0.860933333	0.860933333	0.5
0.8608	0.8608	0.5
0.860666667	0.860666667	0.5
0.860533333	0.860533333	0.5
0.8604	0.8604	0.5
0.860266667	0.860266667	0.5
0.860133333	0.860133333	0.5
0.86	0.86	0.5
0.859866667	0.859866667	0.5
0.859733333	0.859733333	0.5
0.8596	0.8596	0.5
0.859466667	0.859466667	0.5
0.859333333	0.859333333	0.5
0.8592	0.8592	0.5
0.859066667	0.859066667	0.5
0.858933333	0.858933333	0.5
0.8588	0.8588	0.5
0.858666667	0.858666667	0.5
0.858533333	0.858533333	0.5
0.8584	0.8584	0.5
0.858266667	0.858266667	0.5
0.858133333	0.858133333	0.5
0.858	0.858	0.5
0.857866667	0.857866667	0.5
0.857733333	0.857733333	0.5
0.8576	0.8576	0.5
0.857466667	0.857466667	0.5
0.857333333	0.857333333	0.5
0.8572	0.8572	0.5
0.857066667	0.857066667	0.5
0.856933333	0.856933333	0.5
0.8568	0.8568	0.5
0.856666667	0.856666667	0.5
0.856533333	0.856533333	0.5
0.8564	0.8564	0.5
0.856266667	0.856266667	0.5
0.856133333	0.856133333	0.5
0.856	0.856	0.5
0.855866667	0.855866667	0.5
0.855733333	0.855733333	0.5
0.8556	0.8556	0.5
0.855466667	0.855466667	0.5
0.855333333	0.855333333	0.5
0.8552	0.8552	0.5
0.855066667	0.855066667	0.5
0.854933333	0.854933333	0.5
0.8548	0.8548	0.5
0.854666667	0.854666667	0.5
0.854533333	0.854533333	0.5
0.8544	0.8544	0.5
0.854266667	0.854266667	0.5
0.854133333	0.854133333	0.5
0.854	0.854	0.5
0.853866667	0.853866667	0.5
0.853733333	0.853733333	0.5
0.8536	0.8536	0.5
0.853466667	0.853466667	0.5
0.853333333	0.853333333	0.5
0.8532	0.8532	0.5
0.853066667	0.853066667	0.5
0.852933333	0.852933333	0.5
0.8528	0.8528	0.5
0.852666667	0.852666667	0.5
0.852533333	0.852533333	0.5
0.8524	0.8524	0.5
0.852266667	0.852266667	0.5
0.852133333	0.852133333	0.5
0.852	0.852	0.5
0.851866667	0.851866667	0.5
0.851733333	0.851733333	0.5
0.8516	0.8516	0.5
0.851466667	0.851466667	0.5
0.851333333	0.851333333	0.5
0.8512	0.8512	0.5
0.851066667	0.851066667	0.5
0.850933333	0.850933333	0.5
0.8508	0.8508	0.5
0.850666667	0.850666667	0.5
0.850533333	0.850533333	0.5
0.8504	0.8504	0.5
0.850266667	0.850266667	0.5
0.850133333	0.850133333	0.5
0.85	0.85	0.5
0.849866667	0.849866667	0.5
0.849733333	0.849733333	0.5
0.8496	0.8496	0.5
0.849466667	0.849466667	0.5
0.849333333	0.849333333	0.5
0.8492	0.8492	0.5
0.849066667	0.849066667	0.5
0.848933333	0.848933333	0.5
0.8488	0.8488	0.5
0.848666667	0.848666667	0.5
0.848533333	0.848533333	0.5
0.8484	0.8484	0.5
0.848266667	0.848266667	0.5
0.848133333	0.848133333	0.5
0.848	0.848	0.5
0.847866667	0.847866667	0.5
0.847733333	0.847733333	0.5
0.8476	0.8476	0.5
0.847466667	0.847466667	0.5
0.847333333	0.847333333	0.5
0.8472	0.8472	0.5
0.847066667	0.847066667	0.5
0.846933333	0.846933333	0.5
0.8468	0.8468	0.5
0.846666667	0.846666667	0.5
0.846533333	0.846533333	0.5
0.8464	0.8464	0.5
0.846266667	0.846266667	0.5
0.846133333	0.846133333	0.5
0.846	0.846	0.5
0.845866667	0.845866667	0.5
0.845733333	0.845733333	0.5
0.8456	0.8456	0.5
0.845466667	0.845466667	0.5
0.845333333	0.845333333	0.5
0.8452	0.8452	0.5
0.845066667	0.845066667	0.5
0.844933333	0.844933333	0.5
0.8448	0.8448	0.5
0.844666667	0.844666667	0.5
0.844533333	0.844533333	0.5
0.8444	0.8444	0.5
0.844266667	0.844266667	0.5
0.844133333	0.844133333	0.5
0.844	0.844	0.5
0.843866667	0.843866667	0.5
0.843733333	0.843733333	0.5
0.8436	0.8436	0.5
0.843466667	0.843466667	0.5
0.843333333	0.843333333	0.5
0.8432	0.8432	0.5
0.843066667	0.843066667	0.5
0.842933333	0.842933333	0.5
0.8428	0.8428	0.5
0.842666667	0.842666667	0.5
0.842533333	0.842533333	0.5
0.8424	0.8424	0.5
0.842266667	0.842266667	0.5
0.842133333	0.842133333	0.5
0.842	0.842	0.5
0.841866667	0.841866667	0.5
0.841733333	0.841733333	0.5
0.8416	0.8416	0.5
0.841466667	0.841466667	0.5
0.841333333	0.841333333	0.5
0.8412	0.8412	0.5
0.841066667	0.841066667	0.5
0.840933333	0.840933333	0.5
0.8408	0.8408	0.5
0.840666667	0.840666667	0.5
0.840533333	0.840533333	0.5
0.8404	0.8404	0.5
0.840266667	0.840266667	0.5
0.840133333	0.840133333	0.5
0.84	0.84	0.5
0.839866667	0.839866667	0.5
0.839733333	0.839733333	0.5
0.8396	0.8396	0.5
0.839466667	0.839466667	0.5
0.839333333	0.839333333	0.5
0.8392	0.8392	0.5
0.839066667	0.839066667	0.5
0.838933333	0.838933333	0.5
0.8388	0.8388	0.5
0.838666667	0.838666667	0.5
0.838533333	0.838533333	0.5
0.8384	0.8384	0.5
0.838266667	0.838266667	0.5
0.838133333	0.838133333	0.5
0.838	0.838	0.5
0.837866667	0.837866667	0.5
0.837733333	0.837733333	0.5
0.8376	0.8376	0.5
0.837466667	0.837466667	0.5
0.837333333	0.837333333	0.5
0.8372	0.8372	0.5
0.837066667	0.837066667	0.5
0.836933333	0.836933333	0.5
0.8368	0.8368	0.5
0.836666667	0.836666667	0.5
0.836533333	0.836533333	0.5
0.8364	0.8364	0.5
0.836266667	0.836266667	0.5
0.836133333	0.836133333	0.5
0.836	0.836	0.5
0.835866667	0.835866667	0.5
0.835733333	0.835733333	0.5
0.8356	0.8356	0.5
0.835466667	0.835466667	0.5
0.835333333	0.835333333	0.5
0.8352	0.8352	0.5
0.835066667	0.835066667	0.5
0.834933333	0.834933333	0.5
0.8348	0.8348	0.5
0.834666667	0.834666667	0.5
0.834533333	0.834533333	0.5
0.8344	0.8344	0.5
0.834266667	0.834266667	0.5
0.834133333	0.834133333	0.5
0.834	0.834	0.5
0.833866667	0.833866667	0.5
0.833733333	0.833733333	0.5
0.8336	0.8336	0.5
0.833466667	0.833466667	0.5
0.833333333	0.833333333	0.5
0.8332	0.8332	0.5
0.833066667	0.833066667	0.5
0.832933333	0.832933333	0.5
0.8328	0.8328	0.5
0.832666667	0.832666667	0.5
0.832533333	0.832533333	0.5
0.8324	0.8324	0.5
0.832266667	0.832266667	0.5
0.832133333	0.832133333	0.5
0.832	0.832	0.5
0.831866667	0.831866667	0.5
0.831733333	0.831733333	0.5
0.8316	0.8316	0.5
0.831466667	0.831466667	0.5
0.831333333	0.831333333	0.5
0.8312	0.8312	0.5
0.831066667	0.831066667	0.5
0.830933333	0.830933333	0.5
0.8308	0.8308	0.5
0.830666667	0.830666667	0.5
0.830533333	0.830533333	0.5
0.8304	0.8304	0.5
0.830266667	0.830266667	0.5
0.830133333	0.830133333	0.5
0.83	0.83	0.5
0.829866667	0.829866667	0.5
0.829733333	0.829733333	0.5
0.8296	0.8296	0.5
0.829466667	0.829466667	0.5
0.829333333	0.829333333	0.5
0.8292	0.8292	0.5
0.829066667	0.829066667	0.5
0.828933333	0.828933333	0.5
0.8288	0.8288	0.5
0.828666667	0.828666667	0.5
0.828533333	0.828533333	0.5
0.8284	0.8284	0.5
0.828266667	0.828266667	0.5
0.828133333	0.828133333	0.5
0.828	0.828	0.5
0.827866667	0.827866667	0.5
0.827733333	0.827733333	0.5
0.8276	0.8276	0.5
0.827466667	0.827466667	0.5
0.827333333	0.827333333	0.5
0.8272	0.8272	0.5
0.827066667	0.827066667	0.5
0.826933333	0.826933333	0.5
0.8268	0.8268	0.5
0.826666667	0.826666667	0.5
0.826533333	0.826533333	0.5
0.8264	0.8264	0.5
0.826266667	0.826266667	0.5
0.826133333	0.826133333	0.5
0.826	0.826	0.5
0.825866667	0.825866667	0.5
0.825733333	0.825733333	0.5
0.8256	0.8256	0.5
0.825466667	0.825466667	0.5
0.825333333	0.825333333	0.5
0.8252	0.8252	0.5
0.825066667	0.825066667	0.5
0.824933333	0.824933333	0.5
0.8248	0.8248	0.5
0.824666667	0.824666667	0.5
0.824533333	0.824533333	0.5
0.8244	0.8244	0.5
0.824266667	0.824266667	0.5
0.824133333	0.824133333	0.5
0.824	0.824	0.5
0.823866667	0.823866667	0.5
0.823733333	0.823733333	0.5
0.8236	0.8236	0.5
0.823466667	0.823466667	0.5
0.823333333	0.823333333	0.5
0.8232	0.8232	0.5
0.823066667	0.823066667	0.5
0.822933333	0.822933333	0.5
0.8228	0.8228	0.5
0.822666667	0.822666667	0.5
0.822533333	0.822533333	0.5
0.8224	0.8224	0.5
0.822266667	0.822266667	0.5
0.822133333	0.822133333	0.5
0.822	0.822	0.5
0.821866667	0.821866667	0.5
0.821733333	0.821733333	0.5
0.8216	0.8216	0.5
0.821466667	0.821466667	0.5
0.821333333	0.821333333	0.5
0.8212	0.8212	0.5
0.821066667	0.821066667	0.5
0.820933333	0.820933333	0.5
0.8208	0.8208	0.5
0.820666667	0.820666667	0.5
0.820533333	0.820533333	0.5
0.8204	0.8204	0.5
0.820266667	0.820266667	0.5
0.820133333	0.820133333	0.5
0.82	0.82	0.5
0.819866667	0.819866667	0.5
0.819733333	0.819733333	0.5
0.8196	0.8196	0.5
0.819466667	0.819466667	0.5
0.819333333	0.819333333	0.5
0.8192	0.8192	0.5
0.819066667	0.819066667	0.5
0.818933333	0.818933333	0.5
0.8188	0.8188	0.5
0.818666667	0.818666667	0.5
0.818533333	0.818533333	0.5
0.8184	0.8184	0.5
0.818266667	0.818266667	0.5
0.818133333	0.818133333	0.5
0.818	0.818	0.5
0.817866667	0.817866667	0.5
0.817733333	0.817733333	0.5
0.8176	0.8176	0.5
0.817466667	0.817466667	0.5
0.817333333	0.817333333	0.5
0.8172	0.8172	0.5
0.817066667	0.817066667	0.5
0.816933333	0.816933333	0.5
0.8168	0.8168	0.5
0.816666667	0.816666667	0.5
0.816533333	0.816533333	0.5
0.8164	0.8164	0.5
0.816266667	0.816266667	0.5
0.816133333	0.816133333	0.5
0.816	0.816	0.5
0.815866667	0.815866667	0.5
0.815733333	0.815733333	0.5
0.8156	0.8156	0.5
0.815466667	0.815466667	0.5
0.815333333	0.815333333	0.5
0.8152	0.8152	0.5
0.815066667	0.815066667	0.5
0.814933333	0.814933333	0.5
0.8148	0.8148	0.5
0.814666667	0.814666667	0.5
0.814533333	0.814533333	0.5
0.8144	0.8144	0.5
0.814266667	0.814266667	0.5
0.814133333	0.814133333	0.5
0.814	0.814	0.5
0.813866667	0.813866667	0.5
0.813733333	0.813733333	0.5
0.8136	0.8136	0.5
0.813466667	0.813466667	0.5
0.813333333	0.813333333	0.5
0.8132	0.8132	0.5
0.813066667	0.813066667	0.5
0.812933333	0.812933333	0.5
0.8128	0.8128	0.5
0.812666667	0.812666667	0.5
0.812533333	0.812533333	0.5
0.8124	0.8124	0.5
0.812266667	0.812266667	0.5
0.812133333	0.812133333	0.5
0.812	0.812	0.5
0.811866667	0.811866667	0.5
0.811733333	0.811733333	0.5
0.8116	0.8116	0.5
0.811466667	0.811466667	0.5
0.811333333	0.811333333	0.5
0.8112	0.8112	0.5
0.811066667	0.811066667	0.5
0.810933333	0.810933333	0.5
0.8108	0.8108	0.5
0.810666667	0.810666667	0.5
0.810533333	0.810533333	0.5
0.8104	0.8104	0.5
0.810266667	0.810266667	0.5
0.810133333	0.810133333	0.5
0.81	0.81	0.5
0.809866667	0.809866667	0.5
0.809733333	0.809733333	0.5
0.8096	0.8096	0.5
0.809466667	0.809466667	0.5
0.809333333	0.809333333	0.5
0.8092	0.8092	0.5
0.809066667	0.809066667	0.5
0.808933333	0.808933333	0.5
0.8088	0.8088	0.5
0.808666667	0.808666667	0.5
0.808533333	0.808533333	0.5
0.8084	0.8084	0.5
0.808266667	0.808266667	0.5
0.808133333	0.808133333	0.5
0.808	0.808	0.5
0.807866667	0.807866667	0.5
0.807733333	0.807733333	0.5
0.8076	0.8076	0.5
0.807466667	0.807466667	0.5
0.807333333	0.807333333	0.5
0.8072	0.8072	0.5
0.807066667	0.807066667	0.5
0.806933333	0.806933333	0.5
0.8068	0.8068	0.5
0.806666667	0.806666667	0.5
0.806533333	0.806533333	0.5
0.8064	0.8064	0.5
0.806266667	0.806266667	0.5
0.806133333	0.806133333	0.5
0.806	0.806	0.5
0.805866667	0.805866667	0.5
0.805733333	0.805733333	0.5
0.8056	0.8056	0.5
0.805466667	0.805466667	0.5
0.805333333	0.805333333	0.5
0.8052	0.8052	0.5
0.805066667	0.805066667	0.5
0.804933333	0.804933333	0.5
0.8048	0.8048	0.5
0.804666667	0.804666667	0.5
0.804533333	0.804533333	0.5
0.8044	0.8044	0.5
0.804266667	0.804266667	0.5
0.804133333	0.804133333	0.5
0.804	0.804	0.5
0.803866667	0.803866667	0.5
0.803733333	0.803733333	0.5
0.8036	0.8036	0.5
0.803466667	0.803466667	0.5
0.803333333	0.803333333	0.5
0.8032	0.8032	0.5
0.803066667	0.803066667	0.5
0.802933333	0.802933333	0.5
0.8028	0.8028	0.5
0.802666667	0.802666667	0.5
0.802533333	0.802533333	0.5
0.8024	0.8024	0.5
0.802266667	0.802266667	0.5
0.802133333	0.802133333	0.5
0.802	0.802	0.5
0.801866667	0.801866667	0.5
0.801733333	0.801733333	0.5
0.8016	0.8016	0.5
0.801466667	0.801466667	0.5
0.801333333	0.801333333	0.5
0.8012	0.8012	0.5
0.801066667	0.801066667	0.5
0.800933333	0.800933333	0.5
0.8008	0.8008	0.5
0.800666667	0.800666667	0.5
0.800533333	0.800533333	0.5
0.8004	0.8004	0.5
0.800266667	0.800266667	0.5
0.800133333	0.800133333	0.5
0.8	0.8	0.5
0.799866667	0.799866667	0.5
0.799733333	0.799733333	0.5
0.7996	0.7996	0.5
0.799466667	0.799466667	0.5
0.799333333	0.799333333	0.5
0.7992	0.7992	0.5
0.799066667	0.799066667	0.5
0.798933333	0.798933333	0.5
0.7988	0.7988	0.5
0.798666667	0.798666667	0.5
0.798533333	0.798533333	0.5
0.7984	0.7984	0.5
0.798266667	0.798266667	0.5
0.798133333	0.798133333	0.5
0.798	0.798	0.5
0.797866667	0.797866667	0.5
0.797733333	0.797733333	0.5
0.7976	0.7976	0.5
0.797466667	0.797466667	0.5
0.797333333	0.797333333	0.5
0.7972	0.7972	0.5
0.797066667	0.797066667	0.5
0.796933333	0.796933333	0.5
0.7968	0.7968	0.5
0.796666667	0.796666667	0.5
0.796533333	0.796533333	0.5
0.7964	0.7964	0.5
0.796266667	0.796266667	0.5
0.796133333	0.796133333	0.5
0.796	0.796	0.5
0.795866667	0.795866667	0.5
0.795733333	0.795733333	0.5
0.7956	0.7956	0.5
0.795466667	0.795466667	0.5
0.795333333	0.795333333	0.5
0.7952	0.7952	0.5
0.795066667	0.795066667	0.5
0.794933333	0.794933333	0.5
0.7948	0.7948	0.5
0.794666667	0.794666667	0.5
0.794533333	0.794533333	0.5
0.7944	0.7944	0.5
0.794266667	0.794266667	0.5
0.794133333	0.794133333	0.5
0.794	0.794	0.5
0.793866667	0.793866667	0.5
0.793733333	0.793733333	0.5
0.7936	0.7936	0.5
0.793466667	0.793466667	0.5
0.793333333	0.793333333	0.5
0.7932	0.7932	0.5
0.793066667	0.793066667	0.5
0.792933333	0.792933333	0.5
0.7928	0.7928	0.5
0.792666667	0.792666667	0.5
0.792533333	0.792533333	0.5
0.7924	0.7924	0.5
0.792266667	0.792266667	0.5
0.792133333	0.792133333	0.5
0.792	0.792	0.5
0.791866667	0.791866667	0.5
0.791733333	0.791733333	0.5
0.7916	0.7916	0.5
0.791466667	0.791466667	0.5
0.791333333	0.791333333	0.5
0.7912	0.7912	0.5
0.791066667	0.791066667	0.5
0.790933333	0.790933333	0.5
0.7908	0.7908	0.5
0.790666667	0.790666667	0.5
0.790533333	0.790533333	0.5
0.7904	0.7904	0.5
0.790266667	0.790266667	0.5
0.790133333	0.790133333	0.5
0.79	0.79	0.5
0.789866667	0.789866667	0.5
0.789733333	0.789733333	0.5
0.7896	0.7896	0.5
0.789466667	0.789466667	0.5
0.789333333	0.789333333	0.5
0.7892	0.7892	0.5
0.789066667	0.789066667	0.5
0.788933333	0.788933333	0.5
0.7888	0.7888	0.5
0.788666667	0.788666667	0.5
0.788533333	0.788533333	0.5
0.7884	0.7884	0.5
0.788266667	0.788266667	0.5
0.788133333	0.788133333	0.5
0.788	0.788	0.5
0.787866667	0.787866667	0.5
0.787733333	0.787733333	0.5
0.7876	0.7876	0.5
0.787466667	0.787466667	0.5
0.787333333	0.787333333	0.5
0.7872	0.7872	0.5
0.787066667	0.787066667	0.5
0.786933333	0.786933333	0.5
0.7868	0.7868	0.5
0.786666667	0.786666667	0.5
0.786533333	0.786533333	0.5
0.7864	0.7864	0.5
0.786266667	0.786266667	0.5
0.786133333	0.786133333	0.5
0.786	0.786	0.5
0.785866667	0.785866667	0.5
0.785733333	0.785733333	0.5
0.7856	0.7856	0.5
0.785466667	0.785466667	0.5
0.785333333	0.785333333	0.5
0.7852	0.7852	0.5
0.785066667	0.785066667	0.5
0.784933333	0.784933333	0.5
0.7848	0.7848	0.5
0.784666667	0.784666667	0.5
0.784533333	0.784533333	0.5
0.7844	0.7844	0.5
0.784266667	0.784266667	0.5
0.784133333	0.784133333	0.5
0.784	0.784	0.5
0.783866667	0.783866667	0.5
0.783733333	0.783733333	0.5
0.7836	0.7836	0.5
0.783466667	0.783466667	0.5
0.783333333	0.783333333	0.5
0.7832	0.7832	0.5
0.783066667	0.783066667	0.5
0.782933333	0.782933333	0.5
0.7828	0.7828	0.5
0.782666667	0.782666667	0.5
0.782533333	0.782533333	0.5
0.7824	0.7824	0.5
0.782266667	0.782266667	0.5
0.782133333	0.782133333	0.5
0.782	0.782	0.5
0.781866667	0.781866667	0.5
0.781733333	0.781733333	0.5
0.7816	0.7816	0.5
0.781466667	0.781466667	0.5
0.781333333	0.781333333	0.5
0.7812	0.7812	0.5
0.781066667	0.781066667	0.5
0.780933333	0.780933333	0.5
0.7808	0.7808	0.5
0.780666667	0.780666667	0.5
0.780533333	0.780533333	0.5
0.7804	0.7804	0.5
0.780266667	0.780266667	0.5
0.780133333	0.780133333	0.5
0.78	0.78	0.5
0.779866667	0.779866667	0.5
0.779733333	0.779733333	0.5
0.7796	0.7796	0.5
0.779466667	0.779466667	0.5
0.779333333	0.779333333	0.5
0.7792	0.7792	0.5
0.779066667	0.779066667	0.5
0.778933333	0.778933333	0.5
0.7788	0.7788	0.5
0.778666667	0.778666667	0.5
0.778533333	0.778533333	0.5
0.7784	0.7784	0.5
0.778266667	0.778266667	0.5
0.778133333	0.778133333	0.5
0.778	0.778	0.5
0.777866667	0.777866667	0.5
0.777733333	0.777733333	0.5
0.7776	0.7776	0.5
0.777466667	0.777466667	0.5
0.777333333	0.777333333	0.5
0.7772	0.7772	0.5
0.777066667	0.777066667	0.5
0.776933333	0.776933333	0.5
0.7768	0.7768	0.5
0.776666667	0.776666667	0.5
0.776533333	0.776533333	0.5
0.7764	0.7764	0.5
0.776266667	0.776266667	0.5
0.776133333	0.776133333	0.5
0.776	0.776	0.5
0.775866667	0.775866667	0.5
0.775733333	0.775733333	0.5
0.7756	0.7756	0.5
0.775466667	0.775466667	0.5
0.775333333	0.775333333	0.5
0.7752	0.7752	0.5
0.775066667	0.775066667	0.5
0.774933333	0.774933333	0.5
0.7748	0.7748	0.5
0.774666667	0.774666667	0.5
0.774533333	0.774533333	0.5
0.7744	0.7744	0.5
0.774266667	0.774266667	0.5
0.774133333	0.774133333	0.5
0.774	0.774	0.5
0.773866667	0.773866667	0.5
0.773733333	0.773733333	0.5
0.7736	0.7736	0.5
0.773466667	0.773466667	0.5
0.773333333	0.773333333	0.5
0.7732	0.7732	0.5
0.773066667	0.773066667	0.5
0.772933333	0.772933333	0.5
0.7728	0.7728	0.5
0.772666667	0.772666667	0.5
0.772533333	0.772533333	0.5
0.7724	0.7724	0.5
0.772266667	0.772266667	0.5
0.772133333	0.772133333	0.5
0.772	0.772	0.5
0.771866667	0.771866667	0.5
0.771733333	0.771733333	0.5
0.7716	0.7716	0.5
0.771466667	0.771466667	0.5
0.771333333	0.771333333	0.5
0.7712	0.7712	0.5
0.771066667	0.771066667	0.5
0.770933333	0.770933333	0.5
0.7708	0.7708	0.5
0.770666667	0.770666667	0.5
0.770533333	0.770533333	0.5
0.7704	0.7704	0.5
0.770266667	0.770266667	0.5
0.770133333	0.770133333	0.5
0.77	0.77	0.5
0.769866667	0.769866667	0.5
0.769733333	0.769733333	0.5
0.7696	0.7696	0.5
0.769466667	0.769466667	0.5
0.769333333	0.769333333	0.5
0.7692	0.7692	0.5
0.769066667	0.769066667	0.5
0.768933333	0.768933333	0.5
0.7688	0.7688	0.5
0.768666667	0.768666667	0.5
0.768533333	0.768533333	0.5
0.7684	0.7684	0.5
0.768266667	0.768266667	0.5
0.768133333	0.768133333	0.5
0.768	0.768	0.5
0.767866667	0.767866667	0.5
0.767733333	0.767733333	0.5
0.7676	0.7676	0.5
0.767466667	0.767466667	0.5
0.767333333	0.767333333	0.5
0.7672	0.7672	0.5
0.767066667	0.767066667	0.5
0.766933333	0.766933333	0.5
0.7668	0.7668	0.5
0.766666667	0.766666667	0.5
0.766533333	0.766533333	0.5
0.7664	0.7664	0.5
0.766266667	0.766266667	0.5
0.766133333	0.766133333	0.5
0.766	0.766	0.5
0.765866667	0.765866667	0.5
0.765733333	0.765733333	0.5
0.7656	0.7656	0.5
0.765466667	0.765466667	0.5
0.765333333	0.765333333	0.5
0.7652	0.7652	0.5
0.765066667	0.765066667	0.5
0.764933333	0.764933333	0.5
0.7648	0.7648	0.5
0.764666667	0.764666667	0.5
0.764533333	0.764533333	0.5
0.7644	0.7644	0.5
0.764266667	0.764266667	0.5
0.764133333	0.764133333	0.5
0.764	0.764	0.5
0.763866667	0.763866667	0.5
0.763733333	0.763733333	0.5
0.7636	0.7636	0.5
0.763466667	0.763466667	0.5
0.763333333	0.763333333	0.5
0.7632	0.7632	0.5
0.763066667	0.763066667	0.5
0.762933333	0.762933333	0.5
0.7628	0.7628	0.5
0.762666667	0.762666667	0.5
0.762533333	0.762533333	0.5
0.7624	0.7624	0.5
0.762266667	0.762266667	0.5
0.762133333	0.762133333	0.5
0.762	0.762	0.5
0.761866667	0.761866667	0.5
0.761733333	0.761733333	0.5
0.7616	0.7616	0.5
0.761466667	0.761466667	0.5
0.761333333	0.761333333	0.5
0.7612	0.7612	0.5
0.761066667	0.761066667	0.5
0.760933333	0.760933333	0.5
0.7608	0.7608	0.5
0.760666667	0.760666667	0.5
0.760533333	0.760533333	0.5
0.7604	0.7604	0.5
0.760266667	0.760266667	0.5
0.760133333	0.760133333	0.5
0.76	0.76	0.5
0.759866667	0.759866667	0.5
0.759733333	0.759733333	0.5
0.7596	0.7596	0.5
0.759466667	0.759466667	0.5
0.759333333	0.759333333	0.5
0.7592	0.7592	0.5
0.759066667	0.759066667	0.5
0.758933333	0.758933333	0.5
0.7588	0.7588	0.5
0.758666667	0.758666667	0.5
0.758533333	0.758533333	0.5
0.7584	0.7584	0.5
0.758266667	0.758266667	0.5
0.758133333	0.758133333	0.5
0.758	0.758	0.5
0.757866667	0.757866667	0.5
0.757733333	0.757733333	0.5
0.7576	0.7576	0.5
0.757466667	0.757466667	0.5
0.757333333	0.757333333	0.5
0.7572	0.7572	0.5
0.757066667	0.757066667	0.5
0.756933333	0.756933333	0.5
0.7568	0.7568	0.5
0.756666667	0.756666667	0.5
0.756533333	0.756533333	0.5
0.7564	0.7564	0.5
0.756266667	0.756266667	0.5
0.756133333	0.756133333	0.5
0.756	0.756	0.5
0.755866667	0.755866667	0.5
0.755733333	0.755733333	0.5
0.7556	0.7556	0.5
0.755466667	0.755466667	0.5
0.755333333	0.755333333	0.5
0.7552	0.7552	0.5
0.755066667	0.755066667	0.5
0.754933333	0.754933333	0.5
0.7548	0.7548	0.5
0.754666667	0.754666667	0.5
0.754533333	0.754533333	0.5
0.7544	0.7544	0.5
0.754266667	0.754266667	0.5
0.754133333	0.754133333	0.5
0.754	0.754	0.5
0.753866667	0.753866667	0.5
0.753733333	0.753733333	0.5
0.7536	0.7536	0.5
0.753466667	0.753466667	0.5
0.753333333	0.753333333	0.5
0.7532	0.7532	0.5
0.753066667	0.753066667	0.5
0.752933333	0.752933333	0.5
0.7528	0.7528	0.5
0.752666667	0.752666667	0.5
0.752533333	0.752533333	0.5
0.7524	0.7524	0.5
0.752266667	0.752266667	0.5
0.752133333	0.752133333	0.5
0.752	0.752	0.5
0.751866667	0.751866667	0.5
0.751733333	0.751733333	0.5
0.7516	0.7516	0.5
0.751466667	0.751466667	0.5
0.751333333	0.751333333	0.5
0.7512	0.7512	0.5
0.751066667	0.751066667	0.5
0.750933333	0.750933333	0.5
0.7508	0.7508	0.5
0.750666667	0.750666667	0.5
0.750533333	0.750533333	0.5
0.7504	0.7504	0.5
0.750266667	0.750266667	0.5
0.750133333	0.750133333	0.5
0.75	0.75	0.5
0.749866667	0.749866667	0.5
0.749733333	0.749733333	0.5
0.7496	0.7496	0.5
0.749466667	0.749466667	0.5
0.749333333	0.749333333	0.5
0.7492	0.7492	0.5
0.749066667	0.749066667	0.5
0.748933333	0.748933333	0.5
0.7488	0.7488	0.5
0.748666667	0.748666667	0.5
0.748533333	0.748533333	0.5
0.7484	0.7484	0.5
0.748266667	0.748266667	0.5
0.748133333	0.748133333	0.5
0.748	0.748	0.5
0.747866667	0.747866667	0.5
0.747733333	0.747733333	0.5
0.7476	0.7476	0.5
0.747466667	0.747466667	0.5
0.747333333	0.747333333	0.5
0.7472	0.7472	0.5
0.747066667	0.747066667	0.5
0.746933333	0.746933333	0.5
0.7468	0.7468	0.5
0.746666667	0.746666667	0.5
0.746533333	0.746533333	0.5
0.7464	0.7464	0.5
0.746266667	0.746266667	0.5
0.746133333	0.746133333	0.5
0.746	0.746	0.5
0.745866667	0.745866667	0.5
0.745733333	0.745733333	0.5
0.7456	0.7456	0.5
0.745466667	0.745466667	0.5
0.745333333	0.745333333	0.5
0.7452	0.7452	0.5
0.745066667	0.745066667	0.5
0.744933333	0.744933333	0.5
0.7448	0.7448	0.5
0.744666667	0.744666667	0.5
0.744533333	0.744533333	0.5
0.7444	0.7444	0.5
0.744266667	0.744266667	0.5
0.744133333	0.744133333	0.5
0.744	0.744	0.5
0.743866667	0.743866667	0.5
0.743733333	0.743733333	0.5
0.7436	0.7436	0.5
0.743466667	0.743466667	0.5
0.743333333	0.743333333	0.5
0.7432	0.7432	0.5
0.743066667	0.743066667	0.5
0.742933333	0.742933333	0.5
0.7428	0.7428	0.5
0.742666667	0.742666667	0.5
0.742533333	0.742533333	0.5
0.7424	0.7424	0.5
0.742266667	0.742266667	0.5
0.742133333	0.742133333	0.5
0.742	0.742	0.5
0.741866667	0.741866667	0.5
0.741733333	0.741733333	0.5
0.7416	0.7416	0.5
0.741466667	0.741466667	0.5
0.741333333	0.741333333	0.5
0.7412	0.7412	0.5
0.741066667	0.741066667	0.5
0.740933333	0.740933333	0.5
0.7408	0.7408	0.5
0.740666667	0.740666667	0.5
0.740533333	0.740533333	0.5
0.7404	0.7404	0.5
0.740266667	0.740266667	0.5
0.740133333	0.740133333	0.5
0.74	0.74	0.5
0.739866667	0.739866667	0.5
0.739733333	0.739733333	0.5
0.7396	0.7396	0.5
0.739466667	0.739466667	0.5
0.739333333	0.739333333	0.5
0.7392	0.7392	0.5
0.739066667	0.739066667	0.5
0.738933333	0.738933333	0.5
0.7388	0.7388	0.5
0.738666667	0.738666667	0.5
0.738533333	0.738533333	0.5
0.7384	0.7384	0.5
0.738266667	0.738266667	0.5
0.738133333	0.738133333	0.5
0.738	0.738	0.5
0.737866667	0.737866667	0.5
0.737733333	0.737733333	0.5
0.7376	0.7376	0.5
0.737466667	0.737466667	0.5
0.737333333	0.737333333	0.5
0.7372	0.7372	0.5
0.737066667	0.737066667	0.5
0.736933333	0.736933333	0.5
0.7368	0.7368	0.5
0.736666667	0.736666667	0.5
0.736533333	0.736533333	0.5
0.7364	0.7364	0.5
0.736266667	0.736266667	0.5
0.736133333	0.736133333	0.5
0.736	0.736	0.5
0.735866667	0.735866667	0.5
0.735733333	0.735733333	0.5
0.7356	0.7356	0.5
0.735466667	0.735466667	0.5
0.735333333	0.735333333	0.5
0.7352	0.7352	0.5
0.735066667	0.735066667	0.5
0.734933333	0.734933333	0.5
0.7348	0.7348	0.5
0.734666667	0.734666667	0.5
0.734533333	0.734533333	0.5
0.7344	0.7344	0.5
0.734266667	0.734266667	0.5
0.734133333	0.734133333	0.5
0.734	0.734	0.5
0.733866667	0.733866667	0.5
0.733733333	0.733733333	0.5
0.7336	0.7336	0.5
0.733466667	0.733466667	0.5
0.733333333	0.733333333	0.5
0.7332	0.7332	0.5
0.733066667	0.733066667	0.5
0.732933333	0.732933333	0.5
0.7328	0.7328	0.5
0.732666667	0.732666667	0.5
0.732533333	0.732533333	0.5
0.7324	0.7324	0.5
0.732266667	0.732266667	0.5
0.732133333	0.732133333	0.5
0.732	0.732	0.5
0.731866667	0.731866667	0.5
0.731733333	0.731733333	0.5
0.7316	0.7316	0.5
0.731466667	0.731466667	0.5
0.731333333	0.731333333	0.5
0.7312	0.7312	0.5
0.731066667	0.731066667	0.5
0.730933333	0.730933333	0.5
0.7308	0.7308	0.5
0.730666667	0.730666667	0.5
0.730533333	0.730533333	0.5
0.7304	0.7304	0.5
0.730266667	0.730266667	0.5
0.730133333	0.730133333	0.5
0.73	0.73	0.5
0.729866667	0.729866667	0.5
0.729733333	0.729733333	0.5
0.7296	0.7296	0.5
0.729466667	0.729466667	0.5
0.729333333	0.729333333	0.5
0.7292	0.7292	0.5
0.729066667	0.729066667	0.5
0.728933333	0.728933333	0.5
0.7288	0.7288	0.5
0.728666667	0.728666667	0.5
0.728533333	0.728533333	0.5
0.7284	0.7284	0.5
0.728266667	0.728266667	0.5
0.728133333	0.728133333	0.5
0.728	0.728	0.5
0.727866667	0.727866667	0.5
0.727733333	0.727733333	0.5
0.7276	0.7276	0.5
0.727466667	0.727466667	0.5
0.727333333	0.727333333	0.5
0.7272	0.7272	0.5
0.727066667	0.727066667	0.5
0.726933333	0.726933333	0.5
0.7268	0.7268	0.5
0.726666667	0.726666667	0.5
0.726533333	0.726533333	0.5
0.7264	0.7264	0.5
0.726266667	0.726266667	0.5
0.726133333	0.726133333	0.5
0.726	0.726	0.5
0.725866667	0.725866667	0.5
0.725733333	0.725733333	0.5
0.7256	0.7256	0.5
0.725466667	0.725466667	0.5
0.725333333	0.725333333	0.5
0.7252	0.7252	0.5
0.725066667	0.725066667	0.5
0.724933333	0.724933333	0.5
0.7248	0.7248	0.5
0.724666667	0.724666667	0.5
0.724533333	0.724533333	0.5
0.7244	0.7244	0.5
0.724266667	0.724266667	0.5
0.724133333	0.724133333	0.5
0.724	0.724	0.5
0.723866667	0.723866667	0.5
0.723733333	0.723733333	0.5
0.7236	0.7236	0.5
0.723466667	0.723466667	0.5
0.723333333	0.723333333	0.5
0.7232	0.7232	0.5
0.723066667	0.723066667	0.5
0.722933333	0.722933333	0.5
0.7228	0.7228	0.5
0.722666667	0.722666667	0.5
0.722533333	0.722533333	0.5
0.7224	0.7224	0.5
0.722266667	0.722266667	0.5
0.722133333	0.722133333	0.5
0.722	0.722	0.5
0.721866667	0.721866667	0.5
0.721733333	0.721733333	0.5
0.7216	0.7216	0.5
0.721466667	0.721466667	0.5
0.721333333	0.721333333	0.5
0.7212	0.7212	0.5
0.721066667	0.721066667	0.5
0.720933333	0.720933333	0.5
0.7208	0.7208	0.5
0.720666667	0.720666667	0.5
0.720533333	0.720533333	0.5
0.7204	0.7204	0.5
0.720266667	0.720266667	0.5
0.720133333	0.720133333	0.5
0.72	0.72	0.5
0.719866667	0.719866667	0.5
0.719733333	0.719733333	0.5
0.7196	0.7196	0.5
0.719466667	0.719466667	0.5
0.719333333	0.719333333	0.5
0.7192	0.7192	0.5
0.719066667	0.719066667	0.5
0.718933333	0.718933333	0.5
0.7188	0.7188	0.5
0.718666667	0.718666667	0.5
0.718533333	0.718533333	0.5
0.7184	0.7184	0.5
0.718266667	0.718266667	0.5
0.718133333	0.718133333	0.5
0.718	0.718	0.5
0.717866667	0.717866667	0.5
0.717733333	0.717733333	0.5
0.7176	0.7176	0.5
0.717466667	0.717466667	0.5
0.717333333	0.717333333	0.5
0.7172	0.7172	0.5
0.717066667	0.717066667	0.5
0.716933333	0.716933333	0.5
0.7168	0.7168	0.5
0.716666667	0.716666667	0.5
0.716533333	0.716533333	0.5
0.7164	0.7164	0.5
0.716266667	0.716266667	0.5
0.716133333	0.716133333	0.5
0.716	0.716	0.5
0.715866667	0.715866667	0.5
0.715733333	0.715733333	0.5
0.7156	0.7156	0.5
0.715466667	0.715466667	0.5
0.715333333	0.715333333	0.5
0.7152	0.7152	0.5
0.715066667	0.715066667	0.5
0.714933333	0.714933333	0.5
0.7148	0.7148	0.5
0.714666667	0.714666667	0.5
0.714533333	0.714533333	0.5
0.7144	0.7144	0.5
0.714266667	0.714266667	0.5
0.714133333	0.714133333	0.5
0.714	0.714	0.5
0.713866667	0.713866667	0.5
0.713733333	0.713733333	0.5
0.7136	0.7136	0.5
0.713466667	0.713466667	0.5
0.713333333	0.713333333	0.5
0.7132	0.7132	0.5
0.713066667	0.713066667	0.5
0.712933333	0.712933333	0.5
0.7128	0.7128	0.5
0.712666667	0.712666667	0.5
0.712533333	0.712533333	0.5
0.7124	0.7124	0.5
0.712266667	0.712266667	0.5
0.712133333	0.712133333	0.5
0.712	0.712	0.5
0.711866667	0.711866667	0.5
0.711733333	0.711733333	0.5
0.7116	0.7116	0.5
0.711466667	0.711466667	0.5
0.711333333	0.711333333	0.5
0.7112	0.7112	0.5
0.711066667	0.711066667	0.5
0.710933333	0.710933333	0.5
0.7108	0.7108	0.5
0.710666667	0.710666667	0.5
0.710533333	0.710533333	0.5
0.7104	0.7104	0.5
0.710266667	0.710266667	0.5
0.710133333	0.710133333	0.5
0.71	0.71	0.5
0.709866667	0.709866667	0.5
0.709733333	0.709733333	0.5
0.7096	0.7096	0.5
0.709466667	0.709466667	0.5
0.709333333	0.709333333	0.5
0.7092	0.7092	0.5
0.709066667	0.709066667	0.5
0.708933333	0.708933333	0.5
0.7088	0.7088	0.5
0.708666667	0.708666667	0.5
0.708533333	0.708533333	0.5
0.7084	0.7084	0.5
0.708266667	0.708266667	0.5
0.708133333	0.708133333	0.5
0.708	0.708	0.5
0.707866667	0.707866667	0.5
0.707733333	0.707733333	0.5
0.7076	0.7076	0.5
0.707466667	0.707466667	0.5
0.707333333	0.707333333	0.5
0.7072	0.7072	0.5
0.707066667	0.707066667	0.5
0.706933333	0.706933333	0.5
0.7068	0.7068	0.5
0.706666667	0.706666667	0.5
0.706533333	0.706533333	0.5
0.7064	0.7064	0.5
0.706266667	0.706266667	0.5
0.706133333	0.706133333	0.5
0.706	0.706	0.5
0.705866667	0.705866667	0.5
0.705733333	0.705733333	0.5
0.7056	0.7056	0.5
0.705466667	0.705466667	0.5
0.705333333	0.705333333	0.5
0.7052	0.7052	0.5
0.705066667	0.705066667	0.5
0.704933333	0.704933333	0.5
0.7048	0.7048	0.5
0.704666667	0.704666667	0.5
0.704533333	0.704533333	0.5
0.7044	0.7044	0.5
0.704266667	0.704266667	0.5
0.704133333	0.704133333	0.5
0.704	0.704	0.5
0.703866667	0.703866667	0.5
0.703733333	0.703733333	0.5
0.7036	0.7036	0.5
0.703466667	0.703466667	0.5
0.703333333	0.703333333	0.5
0.7032	0.7032	0.5
0.703066667	0.703066667	0.5
0.702933333	0.702933333	0.5
0.7028	0.7028	0.5
0.702666667	0.702666667	0.5
0.702533333	0.702533333	0.5
0.7024	0.7024	0.5
0.702266667	0.702266667	0.5
0.702133333	0.702133333	0.5
0.702	0.702	0.5
0.701866667	0.701866667	0.5
0.701733333	0.701733333	0.5
0.7016	0.7016	0.5
0.701466667	0.701466667	0.5
0.701333333	0.701333333	0.5
0.7012	0.7012	0.5
0.701066667	0.701066667	0.5
0.700933333	0.700933333	0.5
0.7008	0.7008	0.5
0.700666667	0.700666667	0.5
0.700533333	0.700533333	0.5
0.7004	0.7004	0.5
0.700266667	0.700266667	0.5
0.700133333	0.700133333	0.5
0.7	0.7	0.5
0.699866667	0.699866667	0.5
0.699733333	0.699733333	0.5
0.6996	0.6996	0.5
0.699466667	0.699466667	0.5
0.699333333	0.699333333	0.5
0.6992	0.6992	0.5
0.699066667	0.699066667	0.5
0.698933333	0.698933333	0.5
0.6988	0.6988	0.5
0.698666667	0.698666667	0.5
0.698533333	0.698533333	0.5
0.6984	0.6984	0.5
0.698266667	0.698266667	0.5
0.698133333	0.698133333	0.5
0.698	0.698	0.5
0.697866667	0.697866667	0.5
0.697733333	0.697733333	0.5
0.6976	0.6976	0.5
0.697466667	0.697466667	0.5
0.697333333	0.697333333	0.5
0.6972	0.6972	0.5
0.697066667	0.697066667	0.5
0.696933333	0.696933333	0.5
0.6968	0.6968	0.5
0.696666667	0.696666667	0.5
0.696533333	0.696533333	0.5
0.6964	0.6964	0.5
0.696266667	0.696266667	0.5
0.696133333	0.696133333	0.5
0.696	0.696	0.5
0.695866667	0.695866667	0.5
0.695733333	0.695733333	0.5
0.6956	0.6956	0.5
0.695466667	0.695466667	0.5
0.695333333	0.695333333	0.5
0.6952	0.6952	0.5
0.695066667	0.695066667	0.5
0.694933333	0.694933333	0.5
0.6948	0.6948	0.5
0.694666667	0.694666667	0.5
0.694533333	0.694533333	0.5
0.6944	0.6944	0.5
0.694266667	0.694266667	0.5
0.694133333	0.694133333	0.5
0.694	0.694	0.5
0.693866667	0.693866667	0.5
0.693733333	0.693733333	0.5
0.6936	0.6936	0.5
0.693466667	0.693466667	0.5
0.693333333	0.693333333	0.5
0.6932	0.6932	0.5
0.693066667	0.693066667	0.5
0.692933333	0.692933333	0.5
0.6928	0.6928	0.5
0.692666667	0.692666667	0.5
0.692533333	0.692533333	0.5
0.6924	0.6924	0.5
0.692266667	0.692266667	0.5
0.692133333	0.692133333	0.5
0.692	0.692	0.5
0.691866667	0.691866667	0.5
0.691733333	0.691733333	0.5
0.6916	0.6916	0.5
0.691466667	0.691466667	0.5
0.691333333	0.691333333	0.5
0.6912	0.6912	0.5
0.691066667	0.691066667	0.5
0.690933333	0.690933333	0.5
0.6908	0.6908	0.5
0.690666667	0.690666667	0.5
0.690533333	0.690533333	0.5
0.6904	0.6904	0.5
0.690266667	0.690266667	0.5
0.690133333	0.690133333	0.5
0.69	0.69	0.5
0.689866667	0.689866667	0.5
0.689733333	0.689733333	0.5
0.6896	0.6896	0.5
0.689466667	0.689466667	0.5
0.689333333	0.689333333	0.5
0.6892	0.6892	0.5
0.689066667	0.689066667	0.5
0.688933333	0.688933333	0.5
0.6888	0.6888	0.5
0.688666667	0.688666667	0.5
0.688533333	0.688533333	0.5
0.6884	0.6884	0.5
0.688266667	0.688266667	0.5
0.688133333	0.688133333	0.5
0.688	0.688	0.5
0.687866667	0.687866667	0.5
0.687733333	0.687733333	0.5
0.6876	0.6876	0.5
0.687466667	0.687466667	0.5
0.687333333	0.687333333	0.5
0.6872	0.6872	0.5
0.687066667	0.687066667	0.5
0.686933333	0.686933333	0.5
0.6868	0.6868	0.5
0.686666667	0.686666667	0.5
0.686533333	0.686533333	0.5
0.6864	0.6864	0.5
0.686266667	0.686266667	0.5
0.686133333	0.686133333	0.5
0.686	0.686	0.5
0.685866667	0.685866667	0.5
0.685733333	0.685733333	0.5
0.6856	0.6856	0.5
0.685466667	0.685466667	0.5
0.685333333	0.685333333	0.5
0.6852	0.6852	0.5
0.685066667	0.685066667	0.5
0.684933333	0.684933333	0.5
0.6848	0.6848	0.5
0.684666667	0.684666667	0.5
0.684533333	0.684533333	0.5
0.6844	0.6844	0.5
0.684266667	0.684266667	0.5
0.684133333	0.684133333	0.5
0.684	0.684	0.5
0.683866667	0.683866667	0.5
0.683733333	0.683733333	0.5
0.6836	0.6836	0.5
0.683466667	0.683466667	0.5
0.683333333	0.683333333	0.5
0.6832	0.6832	0.5
0.683066667	0.683066667	0.5
0.682933333	0.682933333	0.5
0.6828	0.6828	0.5
0.682666667	0.682666667	0.5
0.682533333	0.682533333	0.5
0.6824	0.6824	0.5
0.682266667	0.682266667	0.5
0.682133333	0.682133333	0.5
0.682	0.682	0.5
0.681866667	0.681866667	0.5
0.681733333	0.681733333	0.5
0.6816	0.6816	0.5
0.681466667	0.681466667	0.5
0.681333333	0.681333333	0.5
0.6812	0.6812	0.5
0.681066667	0.681066667	0.5
0.680933333	0.680933333	0.5
0.6808	0.6808	0.5
0.680666667	0.680666667	0.5
0.680533333	0.680533333	0.5
0.6804	0.6804	0.5
0.680266667	0.680266667	0.5
0.680133333	0.680133333	0.5
0.68	0.68	0.5
0.679866667	0.679866667	0.5
0.679733333	0.679733333	0.5
0.6796	0.6796	0.5
0.679466667	0.679466667	0.5
0.679333333	0.679333333	0.5
0.6792	0.6792	0.5
0.679066667	0.679066667	0.5
0.678933333	0.678933333	0.5
0.6788	0.6788	0.5
0.678666667	0.678666667	0.5
0.678533333	0.678533333	0.5
0.6784	0.6784	0.5
0.678266667	0.678266667	0.5
0.678133333	0.678133333	0.5
0.678	0.678	0.5
0.677866667	0.677866667	0.5
0.677733333	0.677733333	0.5
0.6776	0.6776	0.5
0.677466667	0.677466667	0.5
0.677333333	0.677333333	0.5
0.6772	0.6772	0.5
0.677066667	0.677066667	0.5
0.676933333	0.676933333	0.5
0.6768	0.6768	0.5
0.676666667	0.676666667	0.5
0.676533333	0.676533333	0.5
0.6764	0.6764	0.5
0.676266667	0.676266667	0.5
0.676133333	0.676133333	0.5
0.676	0.676	0.5
0.675866667	0.675866667	0.5
0.675733333	0.675733333	0.5
0.6756	0.6756	0.5
0.675466667	0.675466667	0.5
0.675333333	0.675333333	0.5
0.6752	0.6752	0.5
0.675066667	0.675066667	0.5
0.674933333	0.674933333	0.5
0.6748	0.6748	0.5
0.674666667	0.674666667	0.5
0.674533333	0.674533333	0.5
0.6744	0.6744	0.5
0.674266667	0.674266667	0.5
0.674133333	0.674133333	0.5
0.674	0.674	0.5
0.673866667	0.673866667	0.5
0.673733333	0.673733333	0.5
0.6736	0.6736	0.5
0.673466667	0.673466667	0.5
0.673333333	0.673333333	0.5
0.6732	0.6732	0.5
0.673066667	0.673066667	0.5
0.672933333	0.672933333	0.5
0.6728	0.6728	0.5
0.672666667	0.672666667	0.5
0.672533333	0.672533333	0.5
0.6724	0.6724	0.5
0.672266667	0.672266667	0.5
0.672133333	0.672133333	0.5
0.672	0.672	0.5
0.671866667	0.671866667	0.5
0.671733333	0.671733333	0.5
0.6716	0.6716	0.5
0.671466667	0.671466667	0.5
0.671333333	0.671333333	0.5
0.6712	0.6712	0.5
0.671066667	0.671066667	0.5
0.670933333	0.670933333	0.5
0.6708	0.6708	0.5
0.670666667	0.670666667	0.5
0.670533333	0.670533333	0.5
0.6704	0.6704	0.5
0.670266667	0.670266667	0.5
0.670133333	0.670133333	0.5
0.67	0.67	0.5
0.669866667	0.669866667	0.5
0.669733333	0.669733333	0.5
0.6696	0.6696	0.5
0.669466667	0.669466667	0.5
0.669333333	0.669333333	0.5
0.6692	0.6692	0.5
0.669066667	0.669066667	0.5
0.668933333	0.668933333	0.5
0.6688	0.6688	0.5
0.668666667	0.668666667	0.5
0.668533333	0.668533333	0.5
0.6684	0.6684	0.5
0.668266667	0.668266667	0.5
0.668133333	0.668133333	0.5
0.668	0.668	0.5
0.667866667	0.667866667	0.5
0.667733333	0.667733333	0.5
0.6676	0.6676	0.5
0.667466667	0.667466667	0.5
0.667333333	0.667333333	0.5
0.6672	0.6672	0.5
0.667066667	0.667066667	0.5
0.666933333	0.666933333	0.5
0.6668	0.6668	0.5
0.666666667	0.666666667	0.5
0.666533333	0.666533333	0.5
0.6664	0.6664	0.5
0.666266667	0.666266667	0.5
0.666133333	0.666133333	0.5
0.666	0.666	0.5
0.665866667	0.665866667	0.5
0.665733333	0.665733333	0.5
0.6656	0.6656	0.5
0.665466667	0.665466667	0.5
0.665333333	0.665333333	0.5
0.6652	0.6652	0.5
0.665066667	0.665066667	0.5
0.664933333	0.664933333	0.5
0.6648	0.6648	0.5
0.664666667	0.664666667	0.5
0.664533333	0.664533333	0.5
0.6644	0.6644	0.5
0.664266667	0.664266667	0.5
0.664133333	0.664133333	0.5
0.664	0.664	0.5
0.663866667	0.663866667	0.5
0.663733333	0.663733333	0.5
0.6636	0.6636	0.5
0.663466667	0.663466667	0.5
0.663333333	0.663333333	0.5
0.6632	0.6632	0.5
0.663066667	0.663066667	0.5
0.662933333	0.662933333	0.5
0.6628	0.6628	0.5
0.662666667	0.662666667	0.5
0.662533333	0.662533333	0.5
0.6624	0.6624	0.5
0.662266667	0.662266667	0.5
0.662133333	0.662133333	0.5
0.662	0.662	0.5
0.661866667	0.661866667	0.5
0.661733333	0.661733333	0.5
0.6616	0.6616	0.5
0.661466667	0.661466667	0.5
0.661333333	0.661333333	0.5
0.6612	0.6612	0.5
0.661066667	0.661066667	0.5
0.660933333	0.660933333	0.5
0.6608	0.6608	0.5
0.660666667	0.660666667	0.5
0.660533333	0.660533333	0.5
0.6604	0.6604	0.5
0.660266667	0.660266667	0.5
0.660133333	0.660133333	0.5
0.66	0.66	0.5
0.659866667	0.659866667	0.5
0.659733333	0.659733333	0.5
0.6596	0.6596	0.5
0.659466667	0.659466667	0.5
0.659333333	0.659333333	0.5
0.6592	0.6592	0.5
0.659066667	0.659066667	0.5
0.658933333	0.658933333	0.5
0.6588	0.6588	0.5
0.658666667	0.658666667	0.5
0.658533333	0.658533333	0.5
0.6584	0.6584	0.5
0.658266667	0.658266667	0.5
0.658133333	0.658133333	0.5
0.658	0.658	0.5
0.657866667	0.657866667	0.5
0.657733333	0.657733333	0.5
0.6576	0.6576	0.5
0.657466667	0.657466667	0.5
0.657333333	0.657333333	0.5
0.6572	0.6572	0.5
0.657066667	0.657066667	0.5
0.656933333	0.656933333	0.5
0.6568	0.6568	0.5
0.656666667	0.656666667	0.5
0.656533333	0.656533333	0.5
0.6564	0.6564	0.5
0.656266667	0.656266667	0.5
0.656133333	0.656133333	0.5
0.656	0.656	0.5
0.655866667	0.655866667	0.5
0.655733333	0.655733333	0.5
0.6556	0.6556	0.5
0.655466667	0.655466667	0.5
0.655333333	0.655333333	0.5
0.6552	0.6552	0.5
0.655066667	0.655066667	0.5
0.654933333	0.654933333	0.5
0.6548	0.6548	0.5
0.654666667	0.654666667	0.5
0.654533333	0.654533333	0.5
0.6544	0.6544	0.5
0.654266667	0.654266667	0.5
0.654133333	0.654133333	0.5
0.654	0.654	0.5
0.653866667	0.653866667	0.5
0.653733333	0.653733333	0.5
0.6536	0.6536	0.5
0.653466667	0.653466667	0.5
0.653333333	0.653333333	0.5
0.6532	0.6532	0.5
0.653066667	0.653066667	0.5
0.652933333	0.652933333	0.5
0.6528	0.6528	0.5
0.652666667	0.652666667	0.5
0.652533333	0.652533333	0.5
0.6524	0.6524	0.5
0.652266667	0.652266667	0.5
0.652133333	0.652133333	0.5
0.652	0.652	0.5
0.651866667	0.651866667	0.5
0.651733333	0.651733333	0.5
0.6516	0.6516	0.5
0.651466667	0.651466667	0.5
0.651333333	0.651333333	0.5
0.6512	0.6512	0.5
0.651066667	0.651066667	0.5
0.650933333	0.650933333	0.5
0.6508	0.6508	0.5
0.650666667	0.650666667	0.5
0.650533333	0.650533333	0.5
0.6504	0.6504	0.5
0.650266667	0.650266667	0.5
0.650133333	0.650133333	0.5
0.65	0.65	0.5
0.649866667	0.649866667	0.5
0.649733333	0.649733333	0.5
0.6496	0.6496	0.5
0.649466667	0.649466667	0.5
0.649333333	0.649333333	0.5
0.6492	0.6492	0.5
0.649066667	0.649066667	0.5
0.648933333	0.648933333	0.5
0.6488	0.6488	0.5
0.648666667	0.648666667	0.5
0.648533333	0.648533333	0.5
0.6484	0.6484	0.5
0.648266667	0.648266667	0.5
0.648133333	0.648133333	0.5
0.648	0.648	0.5
0.647866667	0.647866667	0.5
0.647733333	0.647733333	0.5
0.6476	0.6476	0.5
0.647466667	0.647466667	0.5
0.647333333	0.647333333	0.5
0.6472	0.6472	0.5
0.647066667	0.647066667	0.5
0.646933333	0.646933333	0.5
0.6468	0.6468	0.5
0.646666667	0.646666667	0.5
0.646533333	0.646533333	0.5
0.6464	0.6464	0.5
0.646266667	0.646266667	0.5
0.646133333	0.646133333	0.5
0.646	0.646	0.5
0.645866667	0.645866667	0.5
0.645733333	0.645733333	0.5
0.6456	0.6456	0.5
0.645466667	0.645466667	0.5
0.645333333	0.645333333	0.5
0.6452	0.6452	0.5
0.645066667	0.645066667	0.5
0.644933333	0.644933333	0.5
0.6448	0.6448	0.5
0.644666667	0.644666667	0.5
0.644533333	0.644533333	0.5
0.6444	0.6444	0.5
0.644266667	0.644266667	0.5
0.644133333	0.644133333	0.5
0.644	0.644	0.5
0.643866667	0.643866667	0.5
0.643733333	0.643733333	0.5
0.6436	0.6436	0.5
0.643466667	0.643466667	0.5
0.643333333	0.643333333	0.5
0.6432	0.6432	0.5
0.643066667	0.643066667	0.5
0.642933333	0.642933333	0.5
0.6428	0.6428	0.5
0.642666667	0.642666667	0.5
0.642533333	0.642533333	0.5
0.6424	0.6424	0.5
0.642266667	0.642266667	0.5
0.642133333	0.642133333	0.5
0.642	0.642	0.5
0.641866667	0.641866667	0.5
0.641733333	0.641733333	0.5
0.6416	0.6416	0.5
0.641466667	0.641466667	0.5
0.641333333	0.641333333	0.5
0.6412	0.6412	0.5
0.641066667	0.641066667	0.5
0.640933333	0.640933333	0.5
0.6408	0.6408	0.5
0.640666667	0.640666667	0.5
0.640533333	0.640533333	0.5
0.6404	0.6404	0.5
0.640266667	0.640266667	0.5
0.640133333	0.640133333	0.5
0.64	0.64	0.5
0.639866667	0.639866667	0.5
0.639733333	0.639733333	0.5
0.6396	0.6396	0.5
0.639466667	0.639466667	0.5
0.639333333	0.639333333	0.5
0.6392	0.6392	0.5
0.639066667	0.639066667	0.5
0.638933333	0.638933333	0.5
0.6388	0.6388	0.5
0.638666667	0.638666667	0.5
0.638533333	0.638533333	0.5
0.6384	0.6384	0.5
0.638266667	0.638266667	0.5
0.638133333	0.638133333	0.5
0.638	0.638	0.5
0.637866667	0.637866667	0.5
0.637733333	0.637733333	0.5
0.6376	0.6376	0.5
0.637466667	0.637466667	0.5
0.637333333	0.637333333	0.5
0.6372	0.6372	0.5
0.637066667	0.637066667	0.5
0.636933333	0.636933333	0.5
0.6368	0.6368	0.5
0.636666667	0.636666667	0.5
0.636533333	0.636533333	0.5
0.6364	0.6364	0.5
0.636266667	0.636266667	0.5
0.636133333	0.636133333	0.5
0.636	0.636	0.5
0.635866667	0.635866667	0.5
0.635733333	0.635733333	0.5
0.6356	0.6356	0.5
0.635466667	0.635466667	0.5
0.635333333	0.635333333	0.5
0.6352	0.6352	0.5
0.635066667	0.635066667	0.5
0.634933333	0.634933333	0.5
0.6348	0.6348	0.5
0.634666667	0.634666667	0.5
0.634533333	0.634533333	0.5
0.6344	0.6344	0.5
0.634266667	0.634266667	0.5
0.634133333	0.634133333	0.5
0.634	0.634	0.5
0.633866667	0.633866667	0.5
0.633733333	0.633733333	0.5
0.6336	0.6336	0.5
0.633466667	0.633466667	0.5
0.633333333	0.633333333	0.5
0.6332	0.6332	0.5
0.633066667	0.633066667	0.5
0.632933333	0.632933333	0.5
0.6328	0.6328	0.5
0.632666667	0.632666667	0.5
0.632533333	0.632533333	0.5
0.6324	0.6324	0.5
0.632266667	0.632266667	0.5
0.632133333	0.632133333	0.5
0.632	0.632	0.5
0.631866667	0.631866667	0.5
0.631733333	0.631733333	0.5
0.6316	0.6316	0.5
0.631466667	0.631466667	0.5
0.631333333	0.631333333	0.5
0.6312	0.6312	0.5
0.631066667	0.631066667	0.5
0.630933333	0.630933333	0.5
0.6308	0.6308	0.5
0.630666667	0.630666667	0.5
0.630533333	0.630533333	0.5
0.6304	0.6304	0.5
0.630266667	0.630266667	0.5
0.630133333	0.630133333	0.5
0.63	0.63	0.5
0.629866667	0.629866667	0.5
0.629733333	0.629733333	0.5
0.6296	0.6296	0.5
0.629466667	0.629466667	0.5
0.629333333	0.629333333	0.5
0.6292	0.6292	0.5
0.629066667	0.629066667	0.5
0.628933333	0.628933333	0.5
0.6288	0.6288	0.5
0.628666667	0.628666667	0.5
0.628533333	0.628533333	0.5
0.6284	0.6284	0.5
0.628266667	0.628266667	0.5
0.628133333	0.628133333	0.5
0.628	0.628	0.5
0.627866667	0.627866667	0.5
0.627733333	0.627733333	0.5
0.6276	0.6276	0.5
0.627466667	0.627466667	0.5
0.627333333	0.627333333	0.5
0.6272	0.6272	0.5
0.627066667	0.627066667	0.5
0.626933333	0.626933333	0.5
0.6268	0.6268	0.5
0.626666667	0.626666667	0.5
0.626533333	0.626533333	0.5
0.6264	0.6264	0.5
0.626266667	0.626266667	0.5
0.626133333	0.626133333	0.5
0.626	0.626	0.5
0.625866667	0.625866667	0.5
0.625733333	0.625733333	0.5
0.6256	0.6256	0.5
0.625466667	0.625466667	0.5
0.625333333	0.625333333	0.5
0.6252	0.6252	0.5
0.625066667	0.625066667	0.5
0.624933333	0.624933333	0.5
0.6248	0.6248	0.5
0.624666667	0.624666667	0.5
0.624533333	0.624533333	0.5
0.6244	0.6244	0.5
0.624266667	0.624266667	0.5
0.624133333	0.624133333	0.5
0.624	0.624	0.5
0.623866667	0.623866667	0.5
0.623733333	0.623733333	0.5
0.6236	0.6236	0.5
0.623466667	0.623466667	0.5
0.623333333	0.623333333	0.5
0.6232	0.6232	0.5
0.623066667	0.623066667	0.5
0.622933333	0.622933333	0.5
0.6228	0.6228	0.5
0.622666667	0.622666667	0.5
0.622533333	0.622533333	0.5
0.6224	0.6224	0.5
0.622266667	0.622266667	0.5
0.622133333	0.622133333	0.5
0.622	0.622	0.5
0.621866667	0.621866667	0.5
0.621733333	0.621733333	0.5
0.6216	0.6216	0.5
0.621466667	0.621466667	0.5
0.621333333	0.621333333	0.5
0.6212	0.6212	0.5
0.621066667	0.621066667	0.5
0.620933333	0.620933333	0.5
0.6208	0.6208	0.5
0.620666667	0.620666667	0.5
0.620533333	0.620533333	0.5
0.6204	0.6204	0.5
0.620266667	0.620266667	0.5
0.620133333	0.620133333	0.5
0.62	0.62	0.5
0.619866667	0.619866667	0.5
0.619733333	0.619733333	0.5
0.6196	0.6196	0.5
0.619466667	0.619466667	0.5
0.619333333	0.619333333	0.5
0.6192	0.6192	0.5
0.619066667	0.619066667	0.5
0.618933333	0.618933333	0.5
0.6188	0.6188	0.5
0.618666667	0.618666667	0.5
0.618533333	0.618533333	0.5
0.6184	0.6184	0.5
0.618266667	0.618266667	0.5
0.618133333	0.618133333	0.5
0.618	0.618	0.5
0.617866667	0.617866667	0.5
0.617733333	0.617733333	0.5
0.6176	0.6176	0.5
0.617466667	0.617466667	0.5
0.617333333	0.617333333	0.5
0.6172	0.6172	0.5
0.617066667	0.617066667	0.5
0.616933333	0.616933333	0.5
0.6168	0.6168	0.5
0.616666667	0.616666667	0.5
0.616533333	0.616533333	0.5
0.6164	0.6164	0.5
0.616266667	0.616266667	0.5
0.616133333	0.616133333	0.5
0.616	0.616	0.5
0.615866667	0.615866667	0.5
0.615733333	0.615733333	0.5
0.6156	0.6156	0.5
0.615466667	0.615466667	0.5
0.615333333	0.615333333	0.5
0.6152	0.6152	0.5
0.615066667	0.615066667	0.5
0.614933333	0.614933333	0.5
0.6148	0.6148	0.5
0.614666667	0.614666667	0.5
0.614533333	0.614533333	0.5
0.6144	0.6144	0.5
0.614266667	0.614266667	0.5
0.614133333	0.614133333	0.5
0.614	0.614	0.5
0.613866667	0.613866667	0.5
0.613733333	0.613733333	0.5
0.6136	0.6136	0.5
0.613466667	0.613466667	0.5
0.613333333	0.613333333	0.5
0.6132	0.6132	0.5
0.613066667	0.613066667	0.5
0.612933333	0.612933333	0.5
0.6128	0.6128	0.5
0.612666667	0.612666667	0.5
0.612533333	0.612533333	0.5
0.6124	0.6124	0.5
0.612266667	0.612266667	0.5
0.612133333	0.612133333	0.5
0.612	0.612	0.5
0.611866667	0.611866667	0.5
0.611733333	0.611733333	0.5
0.6116	0.6116	0.5
0.611466667	0.611466667	0.5
0.611333333	0.611333333	0.5
0.6112	0.6112	0.5
0.611066667	0.611066667	0.5
0.610933333	0.610933333	0.5
0.6108	0.6108	0.5
0.610666667	0.610666667	0.5
0.610533333	0.610533333	0.5
0.6104	0.6104	0.5
0.610266667	0.610266667	0.5
0.610133333	0.610133333	0.5
0.61	0.61	0.5
0.609866667	0.609866667	0.5
0.609733333	0.609733333	0.5
0.6096	0.6096	0.5
0.609466667	0.609466667	0.5
0.609333333	0.609333333	0.5
0.6092	0.6092	0.5
0.609066667	0.609066667	0.5
0.608933333	0.608933333	0.5
0.6088	0.6088	0.5
0.608666667	0.608666667	0.5
0.608533333	0.608533333	0.5
0.6084	0.6084	0.5
0.608266667	0.608266667	0.5
0.608133333	0.608133333	0.5
0.608	0.608	0.5
0.607866667	0.607866667	0.5
0.607733333	0.607733333	0.5
0.6076	0.6076	0.5
0.607466667	0.607466667	0.5
0.607333333	0.607333333	0.5
0.6072	0.6072	0.5
0.607066667	0.607066667	0.5
0.606933333	0.606933333	0.5
0.6068	0.6068	0.5
0.606666667	0.606666667	0.5
0.606533333	0.606533333	0.5
0.6064	0.6064	0.5
0.606266667	0.606266667	0.5
0.606133333	0.606133333	0.5
0.606	0.606	0.5
0.605866667	0.605866667	0.5
0.605733333	0.605733333	0.5
0.6056	0.6056	0.5
0.605466667	0.605466667	0.5
0.605333333	0.605333333	0.5
0.6052	0.6052	0.5
0.605066667	0.605066667	0.5
0.604933333	0.604933333	0.5
0.6048	0.6048	0.5
0.604666667	0.604666667	0.5
0.604533333	0.604533333	0.5
0.6044	0.6044	0.5
0.604266667	0.604266667	0.5
0.604133333	0.604133333	0.5
0.604	0.604	0.5
0.603866667	0.603866667	0.5
0.603733333	0.603733333	0.5
0.6036	0.6036	0.5
0.603466667	0.603466667	0.5
0.603333333	0.603333333	0.5
0.6032	0.6032	0.5
0.603066667	0.603066667	0.5
0.602933333	0.602933333	0.5
0.6028	0.6028	0.5
0.602666667	0.602666667	0.5
0.602533333	0.602533333	0.5
0.6024	0.6024	0.5
0.602266667	0.602266667	0.5
0.602133333	0.602133333	0.5
0.602	0.602	0.5
0.601866667	0.601866667	0.5
0.601733333	0.601733333	0.5
0.6016	0.6016	0.5
0.601466667	0.601466667	0.5
0.601333333	0.601333333	0.5
0.6012	0.6012	0.5
0.601066667	0.601066667	0.5
0.600933333	0.600933333	0.5
0.6008	0.6008	0.5
0.600666667	0.600666667	0.5
0.600533333	0.600533333	0.5
0.6004	0.6004	0.5
0.600266667	0.600266667	0.5
0.600133333	0.600133333	0.5