5				
0.043066667	0.043066667	0.5	0.5	0.5
0.0432	0.0432	0.5	0.5	0.5
0.043333333	0.043333333	0.5	0.5	0.5
0.043466667	0.043466667	0.5	0.5	0.5
0.0436	0.0436	0.5	0.5	0.5
0.043733333	0.043733333	0.5	0.5	0.5
0.043866667	0.043866667	0.5	0.5	0.5
0.044	0.044	0.5	0.5	0.5
0.044133333	0.044133333	0.5	0.5	0.5
0.044266667	0.044266667	0.5	0.5	0.5
0.0444	0.0444	0.5	0.5	0.5
0.044533333	0.044533333	0.5	0.5	0.5
0.044666667	0.044666667	0.5	0.5	0.5
0.0448	0.0448	0.5	0.5	0.5
0.044933333	0.044933333	0.5	0.5	0.5
0.045066667	0.045066667	0.5	0.5	0.5
0.0452	0.0452	0.5	0.5	0.5
0.045333333	0.045333333	0.5	0.5	0.5
0.045466667	0.045466667	0.5	0.5	0.5
0.0456	0.0456	0.5	0.5	0.5
0.045733333	0.045733333	0.5	0.5	0.5
0.045866667	0.045866667	0.5	0.5	0.5
0.046	0.046	0.5	0.5	0.5
0.046133333	0.046133333	0.5	0.5	0.5
0.046266667	0.046266667	0.5	0.5	0.5
0.0464	0.0464	0.5	0.5	0.5
0.046533333	0.046533333	0.5	0.5	0.5
0.046666667	0.046666667	0.5	0.5	0.5
0.0468	0.0468	0.5	0.5	0.5
0.046933333	0.046933333	0.5	0.5	0.5
0.047066667	0.047066667	0.5	0.5	0.5
0.0472	0.0472	0.5	0.5	0.5
0.047333333	0.047333333	0.5	0.5	0.5
0.047466667	0.047466667	0.5	0.5	0.5
0.0476	0.0476	0.5	0.5	0.5
0.047733333	0.047733333	0.5	0.5	0.5
0.047866667	0.047866667	0.5	0.5	0.5
0.048	0.048	0.5	0.5	0.5
0.048133333	0.048133333	0.5	0.5	0.5
0.048266667	0.048266667	0.5	0.5	0.5
0.0484	0.0484	0.5	0.5	0.5
0.048533333	0.048533333	0.5	0.5	0.5
0.048666667	0.048666667	0.5	0.5	0.5
0.0488	0.0488	0.5	0.5	0.5
0.048933333	0.048933333	0.5	0.5	0.5
0.049066667	0.049066667	0.5	0.5	0.5
0.0492	0.0492	0.5	0.5	0.5
0.049333333	0.049333333	0.5	0.5	0.5
0.049466667	0.049466667	0.5	0.5	0.5
0.0496	0.0496	0.5	0.5	0.5
0.049733333	0.049733333	0.5	0.5	0.5
0.049866667	0.049866667	0.5	0.5	0.5
0.05	0.05	0.5	0.5	0.5
0.050133333	0.050133333	0.5	0.5	0.5
0.050266667	0.050266667	0.5	0.5	0.5
0.0504	0.0504	0.5	0.5	0.5
0.050533333	0.050533333	0.5	0.5	0.5
0.050666667	0.050666667	0.5	0.5	0.5
0.0508	0.0508	0.5	0.5	0.5
0.050933333	0.050933333	0.5	0.5	0.5
0.051066667	0.051066667	0.5	0.5	0.5
0.0512	0.0512	0.5	0.5	0.5
0.051333333	0.051333333	0.5	0.5	0.5
0.051466667	0.051466667	0.5	0.5	0.5
0.0516	0.0516	0.5	0.5	0.5
0.051733333	0.051733333	0.5	0.5	0.5
0.051866667	0.051866667	0.5	0.5	0.5
0.052	0.052	0.5	0.5	0.5
0.052133333	0.052133333	0.5	0.5	0.5
0.052266667	0.052266667	0.5	0.5	0.5
0.0524	0.0524	0.5	0.5	0.5
0.052533333	0.052533333	0.5	0.5	0.5
0.052666667	0.052666667	0.5	0.5	0.5
0.0528	0.0528	0.5	0.5	0.5
0.052933333	0.052933333	0.5	0.5	0.5
0.053066667	0.053066667	0.5	0.5	0.5
0.0532	0.0532	0.5	0.5	0.5
0.053333333	0.053333333	0.5	0.5	0.5
0.053466667	0.053466667	0.5	0.5	0.5
0.0536	0.0536	0.5	0.5	0.5
0.053733333	0.053733333	0.5	0.5	0.5
0.053866667	0.053866667	0.5	0.5	0.5
0.054	0.054	0.5	0.5	0.5
0.054133333	0.054133333	0.5	0.5	0.5
0.054266667	0.054266667	0.5	0.5	0.5
0.0544	0.0544	0.5	0.5	0.5
0.054533333	0.054533333	0.5	0.5	0.5
0.054666667	0.054666667	0.5	0.5	0.5
0.0548	0.0548	0.5	0.5	0.5
0.054933333	0.054933333	0.5	0.5	0.5
0.055066667	0.055066667	0.5	0.5	0.5
0.0552	0.0552	0.5	0.5	0.5
0.055333333	0.055333333	0.5	0.5	0.5
0.055466667	0.055466667	0.5	0.5	0.5
0.0556	0.0556	0.5	0.5	0.5
0.055733333	0.055733333	0.5	0.5	0.5
0.055866667	0.055866667	0.5	0.5	0.5
0.056	0.056	0.5	0.5	0.5
0.056133333	0.056133333	0.5	0.5	0.5
0.056266667	0.056266667	0.5	0.5	0.5
0.0564	0.0564	0.5	0.5	0.5
0.056533333	0.056533333	0.5	0.5	0.5
0.056666667	0.056666667	0.5	0.5	0.5
0.0568	0.0568	0.5	0.5	0.5
0.056933333	0.056933333	0.5	0.5	0.5
0.057066667	0.057066667	0.5	0.5	0.5
0.0572	0.0572	0.5	0.5	0.5
0.057333333	0.057333333	0.5	0.5	0.5
0.057466667	0.057466667	0.5	0.5	0.5
0.0576	0.0576	0.5	0.5	0.5
0.057733333	0.057733333	0.5	0.5	0.5
0.057866667	0.057866667	0.5	0.5	0.5
0.058	0.058	0.5	0.5	0.5
0.058133333	0.058133333	0.5	0.5	0.5
0.058266667	0.058266667	0.5	0.5	0.5
0.0584	0.0584	0.5	0.5	0.5
0.058533333	0.058533333	0.5	0.5	0.5
0.058666667	0.058666667	0.5	0.5	0.5
0.0588	0.0588	0.5	0.5	0.5
0.058933333	0.058933333	0.5	0.5	0.5
0.059066667	0.059066667	0.5	0.5	0.5
0.0592	0.0592	0.5	0.5	0.5
0.059333333	0.059333333	0.5	0.5	0.5
0.059466667	0.059466667	0.5	0.5	0.5
0.0596	0.0596	0.5	0.5	0.5
0.059733333	0.059733333	0.5	0.5	0.5
0.059866667	0.059866667	0.5	0.5	0.5
0.06	0.06	0.5	0.5	0.5
0.060133333	0.060133333	0.5	0.5	0.5
0.060266667	0.060266667	0.5	0.5	0.5
0.0604	0.0604	0.5	0.5	0.5
0.060533333	0.060533333	0.5	0.5	0.5
0.060666667	0.060666667	0.5	0.5	0.5
0.0608	0.0608	0.5	0.5	0.5
0.060933333	0.060933333	0.5	0.5	0.5
0.061066667	0.061066667	0.5	0.5	0.5
0.0612	0.0612	0.5	0.5	0.5
0.061333333	0.061333333	0.5	0.5	0.5
0.061466667	0.061466667	0.5	0.5	0.5
0.0616	0.0616	0.5	0.5	0.5
0.061733333	0.061733333	0.5	0.5	0.5
0.061866667	0.061866667	0.5	0.5	0.5
0.062	0.062	0.5	0.5	0.5
0.062133333	0.062133333	0.5	0.5	0.5
0.062266667	0.062266667	0.5	0.5	0.5
0.0624	0.0624	0.5	0.5	0.5
0.062533333	0.062533333	0.5	0.5	0.5
0.062666667	0.062666667	0.5	0.5	0.5
0.0628	0.0628	0.5	0.5	0.5
0.062933333	0.062933333	0.5	0.5	0.5
0.063066667	0.063066667	0.5	0.5	0.5
0.0632	0.0632	0.5	0.5	0.5
0.063333333	0.063333333	0.5	0.5	0.5
0.063466667	0.063466667	0.5	0.5	0.5
0.0636	0.0636	0.5	0.5	0.5
0.063733333	0.063733333	0.5	0.5	0.5
0.063866667	0.063866667	0.5	0.5	0.5
0.064	0.064	0.5	0.5	0.5
0.064133333	0.064133333	0.5	0.5	0.5
0.064266667	0.064266667	0.5	0.5	0.5
0.0644	0.0644	0.5	0.5	0.5
0.064533333	0.064533333	0.5	0.5	0.5
0.064666667	0.064666667	0.5	0.5	0.5
0.0648	0.0648	0.5	0.5	0.5
0.064933333	0.064933333	0.5	0.5	0.5
0.065066667	0.065066667	0.5	0.5	0.5
0.0652	0.0652	0.5	0.5	0.5
0.065333333	0.065333333	0.5	0.5	0.5
0.065466667	0.065466667	0.5	0.5	0.5
0.0656	0.0656	0.5	0.5	0.5
0.065733333	0.065733333	0.5	0.5	0.5
0.065866667	0.065866667	0.5	0.5	0.5
0.066	0.066	0.5	0.5	0.5
0.066133333	0.066133333	0.5	0.5	0.5
0.066266667	0.066266667	0.5	0.5	0.5
0.0664	0.0664	0.5	0.5	0.5
0.066533333	0.066533333	0.5	0.5	0.5
0.066666667	0.066666667	0.5	0.5	0.5
0.0668	0.0668	0.5	0.5	0.5
0.066933333	0.066933333	0.5	0.5	0.5
0.067066667	0.067066667	0.5	0.5	0.5
0.0672	0.0672	0.5	0.5	0.5
0.067333333	0.067333333	0.5	0.5	0.5
0.067466667	0.067466667	0.5	0.5	0.5
0.0676	0.0676	0.5	0.5	0.5
0.067733333	0.067733333	0.5	0.5	0.5
0.067866667	0.067866667	0.5	0.5	0.5
0.068	0.068	0.5	0.5	0.5
0.068133333	0.068133333	0.5	0.5	0.5
0.068266667	0.068266667	0.5	0.5	0.5
0.0684	0.0684	0.5	0.5	0.5
0.068533333	0.068533333	0.5	0.5	0.5
0.068666667	0.068666667	0.5	0.5	0.5
0.0688	0.0688	0.5	0.5	0.5
0.068933333	0.068933333	0.5	0.5	0.5
0.069066667	0.069066667	0.5	0.5	0.5
0.0692	0.0692	0.5	0.5	0.5
0.069333333	0.069333333	0.5	0.5	0.5
0.069466667	0.069466667	0.5	0.5	0.5
0.0696	0.0696	0.5	0.5	0.5
0.069733333	0.069733333	0.5	0.5	0.5
0.069866667	0.069866667	0.5	0.5	0.5
0.07	0.07	0.5	0.5	0.5
0.070133333	0.070133333	0.5	0.5	0.5
0.070266667	0.070266667	0.5	0.5	0.5
0.0704	0.0704	0.5	0.5	0.5
0.070533333	0.070533333	0.5	0.5	0.5
0.070666667	0.070666667	0.5	0.5	0.5
0.0708	0.0708	0.5	0.5	0.5
0.070933333	0.070933333	0.5	0.5	0.5
0.071066667	0.071066667	0.5	0.5	0.5
0.0712	0.0712	0.5	0.5	0.5
0.071333333	0.071333333	0.5	0.5	0.5
0.071466667	0.071466667	0.5	0.5	0.5
0.0716	0.0716	0.5	0.5	0.5
0.071733333	0.071733333	0.5	0.5	0.5
0.071866667	0.071866667	0.5	0.5	0.5
0.072	0.072	0.5	0.5	0.5
0.072133333	0.072133333	0.5	0.5	0.5
0.072266667	0.072266667	0.5	0.5	0.5
0.0724	0.0724	0.5	0.5	0.5
0.072533333	0.072533333	0.5	0.5	0.5
0.072666667	0.072666667	0.5	0.5	0.5
0.0728	0.0728	0.5	0.5	0.5
0.072933333	0.072933333	0.5	0.5	0.5
0.073066667	0.073066667	0.5	0.5	0.5
0.0732	0.0732	0.5	0.5	0.5
0.073333333	0.073333333	0.5	0.5	0.5
0.073466667	0.073466667	0.5	0.5	0.5
0.0736	0.0736	0.5	0.5	0.5
0.073733333	0.073733333	0.5	0.5	0.5
0.073866667	0.073866667	0.5	0.5	0.5
0.074	0.074	0.5	0.5	0.5
0.074133333	0.074133333	0.5	0.5	0.5
0.074266667	0.074266667	0.5	0.5	0.5
0.0744	0.0744	0.5	0.5	0.5
0.074533333	0.074533333	0.5	0.5	0.5
0.074666667	0.074666667	0.5	0.5	0.5
0.0748	0.0748	0.5	0.5	0.5
0.074933333	0.074933333	0.5	0.5	0.5
0.075066667	0.075066667	0.5	0.5	0.5
0.0752	0.0752	0.5	0.5	0.5
0.075333333	0.075333333	0.5	0.5	0.5
0.075466667	0.075466667	0.5	0.5	0.5
0.0756	0.0756	0.5	0.5	0.5
0.075733333	0.075733333	0.5	0.5	0.5
0.075866667	0.075866667	0.5	0.5	0.5
0.076	0.076	0.5	0.5	0.5
0.076133333	0.076133333	0.5	0.5	0.5
0.076266667	0.076266667	0.5	0.5	0.5
0.0764	0.0764	0.5	0.5	0.5
0.076533333	0.076533333	0.5	0.5	0.5
0.076666667	0.076666667	0.5	0.5	0.5
0.0768	0.0768	0.5	0.5	0.5
0.076933333	0.076933333	0.5	0.5	0.5
0.077066667	0.077066667	0.5	0.5	0.5
0.0772	0.0772	0.5	0.5	0.5
0.077333333	0.077333333	0.5	0.5	0.5
0.077466667	0.077466667	0.5	0.5	0.5
0.0776	0.0776	0.5	0.5	0.5
0.077733333	0.077733333	0.5	0.5	0.5
0.077866667	0.077866667	0.5	0.5	0.5
0.078	0.078	0.5	0.5	0.5
0.078133333	0.078133333	0.5	0.5	0.5
0.078266667	0.078266667	0.5	0.5	0.5
0.0784	0.0784	0.5	0.5	0.5
0.078533333	0.078533333	0.5	0.5	0.5
0.078666667	0.078666667	0.5	0.5	0.5
0.0788	0.0788	0.5	0.5	0.5
0.078933333	0.078933333	0.5	0.5	0.5
0.079066667	0.079066667	0.5	0.5	0.5
0.0792	0.0792	0.5	0.5	0.5
0.079333333	0.079333333	0.5	0.5	0.5
0.079466667	0.079466667	0.5	0.5	0.5
0.0796	0.0796	0.5	0.5	0.5
0.079733333	0.079733333	0.5	0.5	0.5
0.079866667	0.079866667	0.5	0.5	0.5
0.08	0.08	0.5	0.5	0.5
0.080133333	0.080133333	0.5	0.5	0.5
0.080266667	0.080266667	0.5	0.5	0.5
0.0804	0.0804	0.5	0.5	0.5
0.080533333	0.080533333	0.5	0.5	0.5
0.080666667	0.080666667	0.5	0.5	0.5
0.0808	0.0808	0.5	0.5	0.5
0.080933333	0.080933333	0.5	0.5	0.5
0.081066667	0.081066667	0.5	0.5	0.5
0.0812	0.0812	0.5	0.5	0.5
0.081333333	0.081333333	0.5	0.5	0.5
0.081466667	0.081466667	0.5	0.5	0.5
0.0816	0.0816	0.5	0.5	0.5
0.081733333	0.081733333	0.5	0.5	0.5
0.081866667	0.081866667	0.5	0.5	0.5
0.082	0.082	0.5	0.5	0.5
0.082133333	0.082133333	0.5	0.5	0.5
0.082266667	0.082266667	0.5	0.5	0.5
0.0824	0.0824	0.5	0.5	0.5
0.082533333	0.082533333	0.5	0.5	0.5
0.082666667	0.082666667	0.5	0.5	0.5
0.0828	0.0828	0.5	0.5	0.5
0.082933333	0.082933333	0.5	0.5	0.5
0.083066667	0.083066667	0.5	0.5	0.5
0.0832	0.0832	0.5	0.5	0.5
0.083333333	0.083333333	0.5	0.5	0.5
0.083466667	0.083466667	0.5	0.5	0.5
0.0836	0.0836	0.5	0.5	0.5
0.083733333	0.083733333	0.5	0.5	0.5
0.083866667	0.083866667	0.5	0.5	0.5
0.084	0.084	0.5	0.5	0.5
0.084133333	0.084133333	0.5	0.5	0.5
0.084266667	0.084266667	0.5	0.5	0.5
0.0844	0.0844	0.5	0.5	0.5
0.084533333	0.084533333	0.5	0.5	0.5
0.084666667	0.084666667	0.5	0.5	0.5
0.0848	0.0848	0.5	0.5	0.5
0.084933333	0.084933333	0.5	0.5	0.5
0.085066667	0.085066667	0.5	0.5	0.5
0.0852	0.0852	0.5	0.5	0.5
0.085333333	0.085333333	0.5	0.5	0.5
0.085466667	0.085466667	0.5	0.5	0.5
0.0856	0.0856	0.5	0.5	0.5
0.085733333	0.085733333	0.5	0.5	0.5
0.085866667	0.085866667	0.5	0.5	0.5
0.086	0.086	0.5	0.5	0.5
0.086133333	0.086133333	0.5	0.5	0.5
0.086266667	0.086266667	0.5	0.5	0.5
0.0864	0.0864	0.5	0.5	0.5
0.086533333	0.086533333	0.5	0.5	0.5
0.086666667	0.086666667	0.5	0.5	0.5
0.0868	0.0868	0.5	0.5	0.5
0.086933333	0.086933333	0.5	0.5	0.5
0.087066667	0.087066667	0.5	0.5	0.5
0.0872	0.0872	0.5	0.5	0.5
0.087333333	0.087333333	0.5	0.5	0.5
0.087466667	0.087466667	0.5	0.5	0.5
0.0876	0.0876	0.5	0.5	0.5
0.087733333	0.087733333	0.5	0.5	0.5
0.087866667	0.087866667	0.5	0.5	0.5
0.088	0.088	0.5	0.5	0.5
0.088133333	0.088133333	0.5	0.5	0.5
0.088266667	0.088266667	0.5	0.5	0.5
0.0884	0.0884	0.5	0.5	0.5
0.088533333	0.088533333	0.5	0.5	0.5
0.088666667	0.088666667	0.5	0.5	0.5
0.0888	0.0888	0.5	0.5	0.5
0.088933333	0.088933333	0.5	0.5	0.5
0.089066667	0.089066667	0.5	0.5	0.5
0.0892	0.0892	0.5	0.5	0.5
0.089333333	0.089333333	0.5	0.5	0.5
0.089466667	0.089466667	0.5	0.5	0.5
0.0896	0.0896	0.5	0.5	0.5
0.089733333	0.089733333	0.5	0.5	0.5
0.089866667	0.089866667	0.5	0.5	0.5
0.09	0.09	0.5	0.5	0.5
0.090133333	0.090133333	0.5	0.5	0.5
0.090266667	0.090266667	0.5	0.5	0.5
0.0904	0.0904	0.5	0.5	0.5
0.090533333	0.090533333	0.5	0.5	0.5
0.090666667	0.090666667	0.5	0.5	0.5
0.0908	0.0908	0.5	0.5	0.5
0.090933333	0.090933333	0.5	0.5	0.5
0.091066667	0.091066667	0.5	0.5	0.5
0.0912	0.0912	0.5	0.5	0.5
0.091333333	0.091333333	0.5	0.5	0.5
0.091466667	0.091466667	0.5	0.5	0.5
0.0916	0.0916	0.5	0.5	0.5
0.091733333	0.091733333	0.5	0.5	0.5
0.091866667	0.091866667	0.5	0.5	0.5
0.092	0.092	0.5	0.5	0.5
0.092133333	0.092133333	0.5	0.5	0.5
0.092266667	0.092266667	0.5	0.5	0.5
0.0924	0.0924	0.5	0.5	0.5
0.092533333	0.092533333	0.5	0.5	0.5
0.092666667	0.092666667	0.5	0.5	0.5
0.0928	0.0928	0.5	0.5	0.5
0.092933333	0.092933333	0.5	0.5	0.5
0.093066667	0.093066667	0.5	0.5	0.5
0.0932	0.0932	0.5	0.5	0.5
0.093333333	0.093333333	0.5	0.5	0.5
0.093466667	0.093466667	0.5	0.5	0.5
0.0936	0.0936	0.5	0.5	0.5
0.093733333	0.093733333	0.5	0.5	0.5
0.093866667	0.093866667	0.5	0.5	0.5
0.094	0.094	0.5	0.5	0.5
0.094133333	0.094133333	0.5	0.5	0.5
0.094266667	0.094266667	0.5	0.5	0.5
0.0944	0.0944	0.5	0.5	0.5
0.094533333	0.094533333	0.5	0.5	0.5
0.094666667	0.094666667	0.5	0.5	0.5
0.0948	0.0948	0.5	0.5	0.5
0.094933333	0.094933333	0.5	0.5	0.5
0.095066667	0.095066667	0.5	0.5	0.5
0.0952	0.0952	0.5	0.5	0.5
0.095333333	0.095333333	0.5	0.5	0.5
0.095466667	0.095466667	0.5	0.5	0.5
0.0956	0.0956	0.5	0.5	0.5
0.095733333	0.095733333	0.5	0.5	0.5
0.095866667	0.095866667	0.5	0.5	0.5
0.096	0.096	0.5	0.5	0.5
0.096133333	0.096133333	0.5	0.5	0.5
0.096266667	0.096266667	0.5	0.5	0.5
0.0964	0.0964	0.5	0.5	0.5
0.096533333	0.096533333	0.5	0.5	0.5
0.096666667	0.096666667	0.5	0.5	0.5
0.0968	0.0968	0.5	0.5	0.5
0.096933333	0.096933333	0.5	0.5	0.5
0.097066667	0.097066667	0.5	0.5	0.5
0.0972	0.0972	0.5	0.5	0.5
0.097333333	0.097333333	0.5	0.5	0.5
0.097466667	0.097466667	0.5	0.5	0.5
0.0976	0.0976	0.5	0.5	0.5
0.097733333	0.097733333	0.5	0.5	0.5
0.097866667	0.097866667	0.5	0.5	0.5
0.098	0.098	0.5	0.5	0.5
0.098133333	0.098133333	0.5	0.5	0.5
0.098266667	0.098266667	0.5	0.5	0.5
0.0984	0.0984	0.5	0.5	0.5
0.098533333	0.098533333	0.5	0.5	0.5
0.098666667	0.098666667	0.5	0.5	0.5
0.0988	0.0988	0.5	0.5	0.5
0.098933333	0.098933333	0.5	0.5	0.5
0.099066667	0.099066667	0.5	0.5	0.5
0.0992	0.0992	0.5	0.5	0.5
0.099333333	0.099333333	0.5	0.5	0.5
0.099466667	0.099466667	0.5	0.5	0.5
0.0996	0.0996	0.5	0.5	0.5
0.099733333	0.099733333	0.5	0.5	0.5
0.099866667	0.099866667	0.5	0.5	0.5
0.1	0.1	0.5	0.5	0.5
0.100133333	0.100133333	0.5	0.5	0.5
0.100266667	0.100266667	0.5	0.5	0.5
0.1004	0.1004	0.5	0.5	0.5
0.100533333	0.100533333	0.5	0.5	0.5
0.100666667	0.100666667	0.5	0.5	0.5
0.1008	0.1008	0.5	0.5	0.5
0.100933333	0.100933333	0.5	0.5	0.5
0.101066667	0.101066667	0.5	0.5	0.5
0.1012	0.1012	0.5	0.5	0.5
0.101333333	0.101333333	0.5	0.5	0.5
0.101466667	0.101466667	0.5	0.5	0.5
0.1016	0.1016	0.5	0.5	0.5
0.101733333	0.101733333	0.5	0.5	0.5
0.101866667	0.101866667	0.5	0.5	0.5
0.102	0.102	0.5	0.5	0.5
0.102133333	0.102133333	0.5	0.5	0.5
0.102266667	0.102266667	0.5	0.5	0.5
0.1024	0.1024	0.5	0.5	0.5
0.102533333	0.102533333	0.5	0.5	0.5
0.102666667	0.102666667	0.5	0.5	0.5
0.1028	0.1028	0.5	0.5	0.5
0.102933333	0.102933333	0.5	0.5	0.5
0.103066667	0.103066667	0.5	0.5	0.5
0.1032	0.1032	0.5	0.5	0.5
0.103333333	0.103333333	0.5	0.5	0.5
0.103466667	0.103466667	0.5	0.5	0.5
0.1036	0.1036	0.5	0.5	0.5
0.103733333	0.103733333	0.5	0.5	0.5
0.103866667	0.103866667	0.5	0.5	0.5
0.104	0.104	0.5	0.5	0.5
0.104133333	0.104133333	0.5	0.5	0.5
0.104266667	0.104266667	0.5	0.5	0.5
0.1044	0.1044	0.5	0.5	0.5
0.104533333	0.104533333	0.5	0.5	0.5
0.104666667	0.104666667	0.5	0.5	0.5
0.1048	0.1048	0.5	0.5	0.5
0.104933333	0.104933333	0.5	0.5	0.5
0.105066667	0.105066667	0.5	0.5	0.5
0.1052	0.1052	0.5	0.5	0.5
0.105333333	0.105333333	0.5	0.5	0.5
0.105466667	0.105466667	0.5	0.5	0.5
0.1056	0.1056	0.5	0.5	0.5
0.105733333	0.105733333	0.5	0.5	0.5
0.105866667	0.105866667	0.5	0.5	0.5
0.106	0.106	0.5	0.5	0.5
0.106133333	0.106133333	0.5	0.5	0.5
0.106266667	0.106266667	0.5	0.5	0.5
0.1064	0.1064	0.5	0.5	0.5
0.106533333	0.106533333	0.5	0.5	0.5
0.106666667	0.106666667	0.5	0.5	0.5
0.1068	0.1068	0.5	0.5	0.5
0.106933333	0.106933333	0.5	0.5	0.5
0.107066667	0.107066667	0.5	0.5	0.5
0.1072	0.1072	0.5	0.5	0.5
0.107333333	0.107333333	0.5	0.5	0.5
0.107466667	0.107466667	0.5	0.5	0.5
0.1076	0.1076	0.5	0.5	0.5
0.107733333	0.107733333	0.5	0.5	0.5
0.107866667	0.107866667	0.5	0.5	0.5
0.108	0.108	0.5	0.5	0.5
0.108133333	0.108133333	0.5	0.5	0.5
0.108266667	0.108266667	0.5	0.5	0.5
0.1084	0.1084	0.5	0.5	0.5
0.108533333	0.108533333	0.5	0.5	0.5
0.108666667	0.108666667	0.5	0.5	0.5
0.1088	0.1088	0.5	0.5	0.5
0.108933333	0.108933333	0.5	0.5	0.5
0.109066667	0.109066667	0.5	0.5	0.5
0.1092	0.1092	0.5	0.5	0.5
0.109333333	0.109333333	0.5	0.5	0.5
0.109466667	0.109466667	0.5	0.5	0.5
0.1096	0.1096	0.5	0.5	0.5
0.109733333	0.109733333	0.5	0.5	0.5
0.109866667	0.109866667	0.5	0.5	0.5
0.11	0.11	0.5	0.5	0.5
0.110133333	0.110133333	0.5	0.5	0.5
0.110266667	0.110266667	0.5	0.5	0.5
0.1104	0.1104	0.5	0.5	0.5
0.110533333	0.110533333	0.5	0.5	0.5
0.110666667	0.110666667	0.5	0.5	0.5
0.1108	0.1108	0.5	0.5	0.5
0.110933333	0.110933333	0.5	0.5	0.5
0.111066667	0.111066667	0.5	0.5	0.5
0.1112	0.1112	0.5	0.5	0.5
0.111333333	0.111333333	0.5	0.5	0.5
0.111466667	0.111466667	0.5	0.5	0.5
0.1116	0.1116	0.5	0.5	0.5
0.111733333	0.111733333	0.5	0.5	0.5
0.111866667	0.111866667	0.5	0.5	0.5
0.112	0.112	0.5	0.5	0.5
0.112133333	0.112133333	0.5	0.5	0.5
0.112266667	0.112266667	0.5	0.5	0.5
0.1124	0.1124	0.5	0.5	0.5
0.112533333	0.112533333	0.5	0.5	0.5
0.112666667	0.112666667	0.5	0.5	0.5
0.1128	0.1128	0.5	0.5	0.5
0.112933333	0.112933333	0.5	0.5	0.5
0.113066667	0.113066667	0.5	0.5	0.5
0.1132	0.1132	0.5	0.5	0.5
0.113333333	0.113333333	0.5	0.5	0.5
0.113466667	0.113466667	0.5	0.5	0.5
0.1136	0.1136	0.5	0.5	0.5
0.113733333	0.113733333	0.5	0.5	0.5
0.113866667	0.113866667	0.5	0.5	0.5
0.114	0.114	0.5	0.5	0.5
0.114133333	0.114133333	0.5	0.5	0.5
0.114266667	0.114266667	0.5	0.5	0.5
0.1144	0.1144	0.5	0.5	0.5
0.114533333	0.114533333	0.5	0.5	0.5
0.114666667	0.114666667	0.5	0.5	0.5
0.1148	0.1148	0.5	0.5	0.5
0.114933333	0.114933333	0.5	0.5	0.5
0.115066667	0.115066667	0.5	0.5	0.5
0.1152	0.1152	0.5	0.5	0.5
0.115333333	0.115333333	0.5	0.5	0.5
0.115466667	0.115466667	0.5	0.5	0.5
0.1156	0.1156	0.5	0.5	0.5
0.115733333	0.115733333	0.5	0.5	0.5
0.115866667	0.115866667	0.5	0.5	0.5
0.116	0.116	0.5	0.5	0.5
0.116133333	0.116133333	0.5	0.5	0.5
0.116266667	0.116266667	0.5	0.5	0.5
0.1164	0.1164	0.5	0.5	0.5
0.116533333	0.116533333	0.5	0.5	0.5
0.116666667	0.116666667	0.5	0.5	0.5
0.1168	0.1168	0.5	0.5	0.5
0.116933333	0.116933333	0.5	0.5	0.5
0.117066667	0.117066667	0.5	0.5	0.5
0.1172	0.1172	0.5	0.5	0.5
0.117333333	0.117333333	0.5	0.5	0.5
0.117466667	0.117466667	0.5	0.5	0.5
0.1176	0.1176	0.5	0.5	0.5
0.117733333	0.117733333	0.5	0.5	0.5
0.117866667	0.117866667	0.5	0.5	0.5
0.118	0.118	0.5	0.5	0.5
0.118133333	0.118133333	0.5	0.5	0.5
0.118266667	0.118266667	0.5	0.5	0.5
0.1184	0.1184	0.5	0.5	0.5
0.118533333	0.118533333	0.5	0.5	0.5
0.118666667	0.118666667	0.5	0.5	0.5
0.1188	0.1188	0.5	0.5	0.5
0.118933333	0.118933333	0.5	0.5	0.5
0.119066667	0.119066667	0.5	0.5	0.5
0.1192	0.1192	0.5	0.5	0.5
0.119333333	0.119333333	0.5	0.5	0.5
0.119466667	0.119466667	0.5	0.5	0.5
0.1196	0.1196	0.5	0.5	0.5
0.119733333	0.119733333	0.5	0.5	0.5
0.119866667	0.119866667	0.5	0.5	0.5
0.12	0.12	0.5	0.5	0.5
0.120133333	0.120133333	0.5	0.5	0.5
0.120266667	0.120266667	0.5	0.5	0.5
0.1204	0.1204	0.5	0.5	0.5
0.120533333	0.120533333	0.5	0.5	0.5
0.120666667	0.120666667	0.5	0.5	0.5
0.1208	0.1208	0.5	0.5	0.5
0.120933333	0.120933333	0.5	0.5	0.5
0.121066667	0.121066667	0.5	0.5	0.5
0.1212	0.1212	0.5	0.5	0.5
0.121333333	0.121333333	0.5	0.5	0.5
0.121466667	0.121466667	0.5	0.5	0.5
0.1216	0.1216	0.5	0.5	0.5
0.121733333	0.121733333	0.5	0.5	0.5
0.121866667	0.121866667	0.5	0.5	0.5
0.122	0.122	0.5	0.5	0.5
0.122133333	0.122133333	0.5	0.5	0.5
0.122266667	0.122266667	0.5	0.5	0.5
0.1224	0.1224	0.5	0.5	0.5
0.122533333	0.122533333	0.5	0.5	0.5
0.122666667	0.122666667	0.5	0.5	0.5
0.1228	0.1228	0.5	0.5	0.5
0.122933333	0.122933333	0.5	0.5	0.5
0.123066667	0.123066667	0.5	0.5	0.5
0.1232	0.1232	0.5	0.5	0.5
0.123333333	0.123333333	0.5	0.5	0.5
0.123466667	0.123466667	0.5	0.5	0.5
0.1236	0.1236	0.5	0.5	0.5
0.123733333	0.123733333	0.5	0.5	0.5
0.123866667	0.123866667	0.5	0.5	0.5
0.124	0.124	0.5	0.5	0.5
0.124133333	0.124133333	0.5	0.5	0.5
0.124266667	0.124266667	0.5	0.5	0.5
0.1244	0.1244	0.5	0.5	0.5
0.124533333	0.124533333	0.5	0.5	0.5
0.124666667	0.124666667	0.5	0.5	0.5
0.1248	0.1248	0.5	0.5	0.5
0.124933333	0.124933333	0.5	0.5	0.5
0.125066667	0.125066667	0.5	0.5	0.5
0.1252	0.1252	0.5	0.5	0.5
0.125333333	0.125333333	0.5	0.5	0.5
0.125466667	0.125466667	0.5	0.5	0.5
0.1256	0.1256	0.5	0.5	0.5
0.125733333	0.125733333	0.5	0.5	0.5
0.125866667	0.125866667	0.5	0.5	0.5
0.126	0.126	0.5	0.5	0.5
0.126133333	0.126133333	0.5	0.5	0.5
0.126266667	0.126266667	0.5	0.5	0.5
0.1264	0.1264	0.5	0.5	0.5
0.126533333	0.126533333	0.5	0.5	0.5
0.126666667	0.126666667	0.5	0.5	0.5
0.1268	0.1268	0.5	0.5	0.5
0.126933333	0.126933333	0.5	0.5	0.5
0.127066667	0.127066667	0.5	0.5	0.5
0.1272	0.1272	0.5	0.5	0.5
0.127333333	0.127333333	0.5	0.5	0.5
0.127466667	0.127466667	0.5	0.5	0.5
0.1276	0.1276	0.5	0.5	0.5
0.127733333	0.127733333	0.5	0.5	0.5
0.127866667	0.127866667	0.5	0.5	0.5
0.128	0.128	0.5	0.5	0.5
0.128133333	0.128133333	0.5	0.5	0.5
0.128266667	0.128266667	0.5	0.5	0.5
0.1284	0.1284	0.5	0.5	0.5
0.128533333	0.128533333	0.5	0.5	0.5
0.128666667	0.128666667	0.5	0.5	0.5
0.1288	0.1288	0.5	0.5	0.5
0.128933333	0.128933333	0.5	0.5	0.5
0.129066667	0.129066667	0.5	0.5	0.5
0.1292	0.1292	0.5	0.5	0.5
0.129333333	0.129333333	0.5	0.5	0.5
0.129466667	0.129466667	0.5	0.5	0.5
0.1296	0.1296	0.5	0.5	0.5
0.129733333	0.129733333	0.5	0.5	0.5
0.129866667	0.129866667	0.5	0.5	0.5
0.13	0.13	0.5	0.5	0.5
0.130133333	0.130133333	0.5	0.5	0.5
0.130266667	0.130266667	0.5	0.5	0.5
0.1304	0.1304	0.5	0.5	0.5
0.130533333	0.130533333	0.5	0.5	0.5
0.130666667	0.130666667	0.5	0.5	0.5
0.1308	0.1308	0.5	0.5	0.5
0.130933333	0.130933333	0.5	0.5	0.5
0.131066667	0.131066667	0.5	0.5	0.5
0.1312	0.1312	0.5	0.5	0.5
0.131333333	0.131333333	0.5	0.5	0.5
0.131466667	0.131466667	0.5	0.5	0.5
0.1316	0.1316	0.5	0.5	0.5
0.131733333	0.131733333	0.5	0.5	0.5
0.131866667	0.131866667	0.5	0.5	0.5
0.132	0.132	0.5	0.5	0.5
0.132133333	0.132133333	0.5	0.5	0.5
0.132266667	0.132266667	0.5	0.5	0.5
0.1324	0.1324	0.5	0.5	0.5
0.132533333	0.132533333	0.5	0.5	0.5
0.132666667	0.132666667	0.5	0.5	0.5
0.1328	0.1328	0.5	0.5	0.5
0.132933333	0.132933333	0.5	0.5	0.5
0.133066667	0.133066667	0.5	0.5	0.5
0.1332	0.1332	0.5	0.5	0.5
0.133333333	0.133333333	0.5	0.5	0.5
0.133466667	0.133466667	0.5	0.5	0.5
0.1336	0.1336	0.5	0.5	0.5
0.133733333	0.133733333	0.5	0.5	0.5
0.133866667	0.133866667	0.5	0.5	0.5
0.134	0.134	0.5	0.5	0.5
0.134133333	0.134133333	0.5	0.5	0.5
0.134266667	0.134266667	0.5	0.5	0.5
0.1344	0.1344	0.5	0.5	0.5
0.134533333	0.134533333	0.5	0.5	0.5
0.134666667	0.134666667	0.5	0.5	0.5
0.1348	0.1348	0.5	0.5	0.5
0.134933333	0.134933333	0.5	0.5	0.5
0.135066667	0.135066667	0.5	0.5	0.5
0.1352	0.1352	0.5	0.5	0.5
0.135333333	0.135333333	0.5	0.5	0.5
0.135466667	0.135466667	0.5	0.5	0.5
0.1356	0.1356	0.5	0.5	0.5
0.135733333	0.135733333	0.5	0.5	0.5
0.135866667	0.135866667	0.5	0.5	0.5
0.136	0.136	0.5	0.5	0.5
0.136133333	0.136133333	0.5	0.5	0.5
0.136266667	0.136266667	0.5	0.5	0.5
0.1364	0.1364	0.5	0.5	0.5
0.136533333	0.136533333	0.5	0.5	0.5
0.136666667	0.136666667	0.5	0.5	0.5
0.1368	0.1368	0.5	0.5	0.5
0.136933333	0.136933333	0.5	0.5	0.5
0.137066667	0.137066667	0.5	0.5	0.5
0.1372	0.1372	0.5	0.5	0.5
0.137333333	0.137333333	0.5	0.5	0.5
0.137466667	0.137466667	0.5	0.5	0.5
0.1376	0.1376	0.5	0.5	0.5
0.137733333	0.137733333	0.5	0.5	0.5
0.137866667	0.137866667	0.5	0.5	0.5
0.138	0.138	0.5	0.5	0.5
0.138133333	0.138133333	0.5	0.5	0.5
0.138266667	0.138266667	0.5	0.5	0.5
0.1384	0.1384	0.5	0.5	0.5
0.138533333	0.138533333	0.5	0.5	0.5
0.138666667	0.138666667	0.5	0.5	0.5
0.1388	0.1388	0.5	0.5	0.5
0.138933333	0.138933333	0.5	0.5	0.5
0.139066667	0.139066667	0.5	0.5	0.5
0.1392	0.1392	0.5	0.5	0.5
0.139333333	0.139333333	0.5	0.5	0.5
0.139466667	0.139466667	0.5	0.5	0.5
0.1396	0.1396	0.5	0.5	0.5
0.139733333	0.139733333	0.5	0.5	0.5
0.139866667	0.139866667	0.5	0.5	0.5
0.14	0.14	0.5	0.5	0.5
0.140133333	0.140133333	0.5	0.5	0.5
0.140266667	0.140266667	0.5	0.5	0.5
0.1404	0.1404	0.5	0.5	0.5
0.140533333	0.140533333	0.5	0.5	0.5
0.140666667	0.140666667	0.5	0.5	0.5
0.1408	0.1408	0.5	0.5	0.5
0.140933333	0.140933333	0.5	0.5	0.5
0.141066667	0.141066667	0.5	0.5	0.5
0.1412	0.1412	0.5	0.5	0.5
0.141333333	0.141333333	0.5	0.5	0.5
0.141466667	0.141466667	0.5	0.5	0.5
0.1416	0.1416	0.5	0.5	0.5
0.141733333	0.141733333	0.5	0.5	0.5
0.141866667	0.141866667	0.5	0.5	0.5
0.142	0.142	0.5	0.5	0.5
0.142133333	0.142133333	0.5	0.5	0.5
0.142266667	0.142266667	0.5	0.5	0.5
0.1424	0.1424	0.5	0.5	0.5
0.142533333	0.142533333	0.5	0.5	0.5
0.142666667	0.142666667	0.5	0.5	0.5
0.1428	0.1428	0.5	0.5	0.5
0.142933333	0.142933333	0.5	0.5	0.5
0.143066667	0.143066667	0.5	0.5	0.5
0.1432	0.1432	0.5	0.5	0.5
0.143333333	0.143333333	0.5	0.5	0.5
0.143466667	0.143466667	0.5	0.5	0.5
0.1436	0.1436	0.5	0.5	0.5
0.143733333	0.143733333	0.5	0.5	0.5
0.143866667	0.143866667	0.5	0.5	0.5
0.144	0.144	0.5	0.5	0.5
0.144133333	0.144133333	0.5	0.5	0.5
0.144266667	0.144266667	0.5	0.5	0.5
0.1444	0.1444	0.5	0.5	0.5
0.144533333	0.144533333	0.5	0.5	0.5
0.144666667	0.144666667	0.5	0.5	0.5
0.1448	0.1448	0.5	0.5	0.5
0.144933333	0.144933333	0.5	0.5	0.5
0.145066667	0.145066667	0.5	0.5	0.5
0.1452	0.1452	0.5	0.5	0.5
0.145333333	0.145333333	0.5	0.5	0.5
0.145466667	0.145466667	0.5	0.5	0.5
0.1456	0.1456	0.5	0.5	0.5
0.145733333	0.145733333	0.5	0.5	0.5
0.145866667	0.145866667	0.5	0.5	0.5
0.146	0.146	0.5	0.5	0.5
0.146133333	0.146133333	0.5	0.5	0.5
0.146266667	0.146266667	0.5	0.5	0.5
0.1464	0.1464	0.5	0.5	0.5
0.146533333	0.146533333	0.5	0.5	0.5
0.146666667	0.146666667	0.5	0.5	0.5
0.1468	0.1468	0.5	0.5	0.5
0.146933333	0.146933333	0.5	0.5	0.5
0.147066667	0.147066667	0.5	0.5	0.5
0.1472	0.1472	0.5	0.5	0.5
0.147333333	0.147333333	0.5	0.5	0.5
0.147466667	0.147466667	0.5	0.5	0.5
0.1476	0.1476	0.5	0.5	0.5
0.147733333	0.147733333	0.5	0.5	0.5
0.147866667	0.147866667	0.5	0.5	0.5
0.148	0.148	0.5	0.5	0.5
0.148133333	0.148133333	0.5	0.5	0.5
0.148266667	0.148266667	0.5	0.5	0.5
0.1484	0.1484	0.5	0.5	0.5
0.148533333	0.148533333	0.5	0.5	0.5
0.148666667	0.148666667	0.5	0.5	0.5
0.1488	0.1488	0.5	0.5	0.5
0.148933333	0.148933333	0.5	0.5	0.5
0.149066667	0.149066667	0.5	0.5	0.5
0.1492	0.1492	0.5	0.5	0.5
0.149333333	0.149333333	0.5	0.5	0.5
0.149466667	0.149466667	0.5	0.5	0.5
0.1496	0.1496	0.5	0.5	0.5
0.149733333	0.149733333	0.5	0.5	0.5
0.149866667	0.149866667	0.5	0.5	0.5
0.15	0.15	0.5	0.5	0.5
0.150133333	0.150133333	0.5	0.5	0.5
0.150266667	0.150266667	0.5	0.5	0.5
0.1504	0.1504	0.5	0.5	0.5
0.150533333	0.150533333	0.5	0.5	0.5
0.150666667	0.150666667	0.5	0.5	0.5
0.1508	0.1508	0.5	0.5	0.5
0.150933333	0.150933333	0.5	0.5	0.5
0.151066667	0.151066667	0.5	0.5	0.5
0.1512	0.1512	0.5	0.5	0.5
0.151333333	0.151333333	0.5	0.5	0.5
0.151466667	0.151466667	0.5	0.5	0.5
0.1516	0.1516	0.5	0.5	0.5
0.151733333	0.151733333	0.5	0.5	0.5
0.151866667	0.151866667	0.5	0.5	0.5
0.152	0.152	0.5	0.5	0.5
0.152133333	0.152133333	0.5	0.5	0.5
0.152266667	0.152266667	0.5	0.5	0.5
0.1524	0.1524	0.5	0.5	0.5
0.152533333	0.152533333	0.5	0.5	0.5
0.152666667	0.152666667	0.5	0.5	0.5
0.1528	0.1528	0.5	0.5	0.5
0.152933333	0.152933333	0.5	0.5	0.5
0.153066667	0.153066667	0.5	0.5	0.5
0.1532	0.1532	0.5	0.5	0.5
0.153333333	0.153333333	0.5	0.5	0.5
0.153466667	0.153466667	0.5	0.5	0.5
0.1536	0.1536	0.5	0.5	0.5
0.153733333	0.153733333	0.5	0.5	0.5
0.153866667	0.153866667	0.5	0.5	0.5
0.154	0.154	0.5	0.5	0.5
0.154133333	0.154133333	0.5	0.5	0.5
0.154266667	0.154266667	0.5	0.5	0.5
0.1544	0.1544	0.5	0.5	0.5
0.154533333	0.154533333	0.5	0.5	0.5
0.154666667	0.154666667	0.5	0.5	0.5
0.1548	0.1548	0.5	0.5	0.5
0.154933333	0.154933333	0.5	0.5	0.5
0.155066667	0.155066667	0.5	0.5	0.5
0.1552	0.1552	0.5	0.5	0.5
0.155333333	0.155333333	0.5	0.5	0.5
0.155466667	0.155466667	0.5	0.5	0.5
0.1556	0.1556	0.5	0.5	0.5
0.155733333	0.155733333	0.5	0.5	0.5
0.155866667	0.155866667	0.5	0.5	0.5
0.156	0.156	0.5	0.5	0.5
0.156133333	0.156133333	0.5	0.5	0.5
0.156266667	0.156266667	0.5	0.5	0.5
0.1564	0.1564	0.5	0.5	0.5
0.156533333	0.156533333	0.5	0.5	0.5
0.156666667	0.156666667	0.5	0.5	0.5
0.1568	0.1568	0.5	0.5	0.5
0.156933333	0.156933333	0.5	0.5	0.5
0.157066667	0.157066667	0.5	0.5	0.5
0.1572	0.1572	0.5	0.5	0.5
0.157333333	0.157333333	0.5	0.5	0.5
0.157466667	0.157466667	0.5	0.5	0.5
0.1576	0.1576	0.5	0.5	0.5
0.157733333	0.157733333	0.5	0.5	0.5
0.157866667	0.157866667	0.5	0.5	0.5
0.158	0.158	0.5	0.5	0.5
0.158133333	0.158133333	0.5	0.5	0.5
0.158266667	0.158266667	0.5	0.5	0.5
0.1584	0.1584	0.5	0.5	0.5
0.158533333	0.158533333	0.5	0.5	0.5
0.158666667	0.158666667	0.5	0.5	0.5
0.1588	0.1588	0.5	0.5	0.5
0.158933333	0.158933333	0.5	0.5	0.5
0.159066667	0.159066667	0.5	0.5	0.5
0.1592	0.1592	0.5	0.5	0.5
0.159333333	0.159333333	0.5	0.5	0.5
0.159466667	0.159466667	0.5	0.5	0.5
0.1596	0.1596	0.5	0.5	0.5
0.159733333	0.159733333	0.5	0.5	0.5
0.159866667	0.159866667	0.5	0.5	0.5
0.16	0.16	0.5	0.5	0.5
0.160133333	0.160133333	0.5	0.5	0.5
0.160266667	0.160266667	0.5	0.5	0.5
0.1604	0.1604	0.5	0.5	0.5
0.160533333	0.160533333	0.5	0.5	0.5
0.160666667	0.160666667	0.5	0.5	0.5
0.1608	0.1608	0.5	0.5	0.5
0.160933333	0.160933333	0.5	0.5	0.5
0.161066667	0.161066667	0.5	0.5	0.5
0.1612	0.1612	0.5	0.5	0.5
0.161333333	0.161333333	0.5	0.5	0.5
0.161466667	0.161466667	0.5	0.5	0.5
0.1616	0.1616	0.5	0.5	0.5
0.161733333	0.161733333	0.5	0.5	0.5
0.161866667	0.161866667	0.5	0.5	0.5
0.162	0.162	0.5	0.5	0.5
0.162133333	0.162133333	0.5	0.5	0.5
0.162266667	0.162266667	0.5	0.5	0.5
0.1624	0.1624	0.5	0.5	0.5
0.162533333	0.162533333	0.5	0.5	0.5
0.162666667	0.162666667	0.5	0.5	0.5
0.1628	0.1628	0.5	0.5	0.5
0.162933333	0.162933333	0.5	0.5	0.5
0.163066667	0.163066667	0.5	0.5	0.5
0.1632	0.1632	0.5	0.5	0.5
0.163333333	0.163333333	0.5	0.5	0.5
0.163466667	0.163466667	0.5	0.5	0.5
0.1636	0.1636	0.5	0.5	0.5
0.163733333	0.163733333	0.5	0.5	0.5
0.163866667	0.163866667	0.5	0.5	0.5
0.164	0.164	0.5	0.5	0.5
0.164133333	0.164133333	0.5	0.5	0.5
0.164266667	0.164266667	0.5	0.5	0.5
0.1644	0.1644	0.5	0.5	0.5
0.164533333	0.164533333	0.5	0.5	0.5
0.164666667	0.164666667	0.5	0.5	0.5
0.1648	0.1648	0.5	0.5	0.5
0.164933333	0.164933333	0.5	0.5	0.5
0.165066667	0.165066667	0.5	0.5	0.5
0.1652	0.1652	0.5	0.5	0.5
0.165333333	0.165333333	0.5	0.5	0.5
0.165466667	0.165466667	0.5	0.5	0.5
0.1656	0.1656	0.5	0.5	0.5
0.165733333	0.165733333	0.5	0.5	0.5
0.165866667	0.165866667	0.5	0.5	0.5
0.166	0.166	0.5	0.5	0.5
0.166133333	0.166133333	0.5	0.5	0.5
0.166266667	0.166266667	0.5	0.5	0.5
0.1664	0.1664	0.5	0.5	0.5
0.166533333	0.166533333	0.5	0.5	0.5
0.166666667	0.166666667	0.5	0.5	0.5
0.1668	0.1668	0.5	0.5	0.5
0.166933333	0.166933333	0.5	0.5	0.5
0.167066667	0.167066667	0.5	0.5	0.5
0.1672	0.1672	0.5	0.5	0.5
0.167333333	0.167333333	0.5	0.5	0.5
0.167466667	0.167466667	0.5	0.5	0.5
0.1676	0.1676	0.5	0.5	0.5
0.167733333	0.167733333	0.5	0.5	0.5
0.167866667	0.167866667	0.5	0.5	0.5
0.168	0.168	0.5	0.5	0.5
0.168133333	0.168133333	0.5	0.5	0.5
0.168266667	0.168266667	0.5	0.5	0.5
0.1684	0.1684	0.5	0.5	0.5
0.168533333	0.168533333	0.5	0.5	0.5
0.168666667	0.168666667	0.5	0.5	0.5
0.1688	0.1688	0.5	0.5	0.5
0.168933333	0.168933333	0.5	0.5	0.5
0.169066667	0.169066667	0.5	0.5	0.5
0.1692	0.1692	0.5	0.5	0.5
0.169333333	0.169333333	0.5	0.5	0.5
0.169466667	0.169466667	0.5	0.5	0.5
0.1696	0.1696	0.5	0.5	0.5
0.169733333	0.169733333	0.5	0.5	0.5
0.169866667	0.169866667	0.5	0.5	0.5
0.17	0.17	0.5	0.5	0.5
0.170133333	0.170133333	0.5	0.5	0.5
0.170266667	0.170266667	0.5	0.5	0.5
0.1704	0.1704	0.5	0.5	0.5
0.170533333	0.170533333	0.5	0.5	0.5
0.170666667	0.170666667	0.5	0.5	0.5
0.1708	0.1708	0.5	0.5	0.5
0.170933333	0.170933333	0.5	0.5	0.5
0.171066667	0.171066667	0.5	0.5	0.5
0.1712	0.1712	0.5	0.5	0.5
0.171333333	0.171333333	0.5	0.5	0.5
0.171466667	0.171466667	0.5	0.5	0.5
0.1716	0.1716	0.5	0.5	0.5
0.171733333	0.171733333	0.5	0.5	0.5
0.171866667	0.171866667	0.5	0.5	0.5
0.172	0.172	0.5	0.5	0.5
0.172133333	0.172133333	0.5	0.5	0.5
0.172266667	0.172266667	0.5	0.5	0.5
0.1724	0.1724	0.5	0.5	0.5
0.172533333	0.172533333	0.5	0.5	0.5
0.172666667	0.172666667	0.5	0.5	0.5
0.1728	0.1728	0.5	0.5	0.5
0.172933333	0.172933333	0.5	0.5	0.5
0.173066667	0.173066667	0.5	0.5	0.5
0.1732	0.1732	0.5	0.5	0.5
0.173333333	0.173333333	0.5	0.5	0.5
0.173466667	0.173466667	0.5	0.5	0.5
0.1736	0.1736	0.5	0.5	0.5
0.173733333	0.173733333	0.5	0.5	0.5
0.173866667	0.173866667	0.5	0.5	0.5
0.174	0.174	0.5	0.5	0.5
0.174133333	0.174133333	0.5	0.5	0.5
0.174266667	0.174266667	0.5	0.5	0.5
0.1744	0.1744	0.5	0.5	0.5
0.174533333	0.174533333	0.5	0.5	0.5
0.174666667	0.174666667	0.5	0.5	0.5
0.1748	0.1748	0.5	0.5	0.5
0.174933333	0.174933333	0.5	0.5	0.5
0.175066667	0.175066667	0.5	0.5	0.5
0.1752	0.1752	0.5	0.5	0.5
0.175333333	0.175333333	0.5	0.5	0.5
0.175466667	0.175466667	0.5	0.5	0.5
0.1756	0.1756	0.5	0.5	0.5
0.175733333	0.175733333	0.5	0.5	0.5
0.175866667	0.175866667	0.5	0.5	0.5
0.176	0.176	0.5	0.5	0.5
0.176133333	0.176133333	0.5	0.5	0.5
0.176266667	0.176266667	0.5	0.5	0.5
0.1764	0.1764	0.5	0.5	0.5
0.176533333	0.176533333	0.5	0.5	0.5
0.176666667	0.176666667	0.5	0.5	0.5
0.1768	0.1768	0.5	0.5	0.5
0.176933333	0.176933333	0.5	0.5	0.5
0.177066667	0.177066667	0.5	0.5	0.5
0.1772	0.1772	0.5	0.5	0.5
0.177333333	0.177333333	0.5	0.5	0.5
0.177466667	0.177466667	0.5	0.5	0.5
0.1776	0.1776	0.5	0.5	0.5
0.177733333	0.177733333	0.5	0.5	0.5
0.177866667	0.177866667	0.5	0.5	0.5
0.178	0.178	0.5	0.5	0.5
0.178133333	0.178133333	0.5	0.5	0.5
0.178266667	0.178266667	0.5	0.5	0.5
0.1784	0.1784	0.5	0.5	0.5
0.178533333	0.178533333	0.5	0.5	0.5
0.178666667	0.178666667	0.5	0.5	0.5
0.1788	0.1788	0.5	0.5	0.5
0.178933333	0.178933333	0.5	0.5	0.5
0.179066667	0.179066667	0.5	0.5	0.5
0.1792	0.1792	0.5	0.5	0.5
0.179333333	0.179333333	0.5	0.5	0.5
0.179466667	0.179466667	0.5	0.5	0.5
0.1796	0.1796	0.5	0.5	0.5
0.179733333	0.179733333	0.5	0.5	0.5
0.179866667	0.179866667	0.5	0.5	0.5
0.18	0.18	0.5	0.5	0.5
0.180133333	0.180133333	0.5	0.5	0.5
0.180266667	0.180266667	0.5	0.5	0.5
0.1804	0.1804	0.5	0.5	0.5
0.180533333	0.180533333	0.5	0.5	0.5
0.180666667	0.180666667	0.5	0.5	0.5
0.1808	0.1808	0.5	0.5	0.5
0.180933333	0.180933333	0.5	0.5	0.5
0.181066667	0.181066667	0.5	0.5	0.5
0.1812	0.1812	0.5	0.5	0.5
0.181333333	0.181333333	0.5	0.5	0.5
0.181466667	0.181466667	0.5	0.5	0.5
0.1816	0.1816	0.5	0.5	0.5
0.181733333	0.181733333	0.5	0.5	0.5
0.181866667	0.181866667	0.5	0.5	0.5
0.182	0.182	0.5	0.5	0.5
0.182133333	0.182133333	0.5	0.5	0.5
0.182266667	0.182266667	0.5	0.5	0.5
0.1824	0.1824	0.5	0.5	0.5
0.182533333	0.182533333	0.5	0.5	0.5
0.182666667	0.182666667	0.5	0.5	0.5
0.1828	0.1828	0.5	0.5	0.5
0.182933333	0.182933333	0.5	0.5	0.5
0.183066667	0.183066667	0.5	0.5	0.5
0.1832	0.1832	0.5	0.5	0.5
0.183333333	0.183333333	0.5	0.5	0.5
0.183466667	0.183466667	0.5	0.5	0.5
0.1836	0.1836	0.5	0.5	0.5
0.183733333	0.183733333	0.5	0.5	0.5
0.183866667	0.183866667	0.5	0.5	0.5
0.184	0.184	0.5	0.5	0.5
0.184133333	0.184133333	0.5	0.5	0.5
0.184266667	0.184266667	0.5	0.5	0.5
0.1844	0.1844	0.5	0.5	0.5
0.184533333	0.184533333	0.5	0.5	0.5
0.184666667	0.184666667	0.5	0.5	0.5
0.1848	0.1848	0.5	0.5	0.5
0.184933333	0.184933333	0.5	0.5	0.5
0.185066667	0.185066667	0.5	0.5	0.5
0.1852	0.1852	0.5	0.5	0.5
0.185333333	0.185333333	0.5	0.5	0.5
0.185466667	0.185466667	0.5	0.5	0.5
0.1856	0.1856	0.5	0.5	0.5
0.185733333	0.185733333	0.5	0.5	0.5
0.185866667	0.185866667	0.5	0.5	0.5
0.186	0.186	0.5	0.5	0.5
0.186133333	0.186133333	0.5	0.5	0.5
0.186266667	0.186266667	0.5	0.5	0.5
0.1864	0.1864	0.5	0.5	0.5
0.186533333	0.186533333	0.5	0.5	0.5
0.186666667	0.186666667	0.5	0.5	0.5
0.1868	0.1868	0.5	0.5	0.5
0.186933333	0.186933333	0.5	0.5	0.5
0.187066667	0.187066667	0.5	0.5	0.5
0.1872	0.1872	0.5	0.5	0.5
0.187333333	0.187333333	0.5	0.5	0.5
0.187466667	0.187466667	0.5	0.5	0.5
0.1876	0.1876	0.5	0.5	0.5
0.187733333	0.187733333	0.5	0.5	0.5
0.187866667	0.187866667	0.5	0.5	0.5
0.188	0.188	0.5	0.5	0.5
0.188133333	0.188133333	0.5	0.5	0.5
0.188266667	0.188266667	0.5	0.5	0.5
0.1884	0.1884	0.5	0.5	0.5
0.188533333	0.188533333	0.5	0.5	0.5
0.188666667	0.188666667	0.5	0.5	0.5
0.1888	0.1888	0.5	0.5	0.5
0.188933333	0.188933333	0.5	0.5	0.5
0.189066667	0.189066667	0.5	0.5	0.5
0.1892	0.1892	0.5	0.5	0.5
0.189333333	0.189333333	0.5	0.5	0.5
0.189466667	0.189466667	0.5	0.5	0.5
0.1896	0.1896	0.5	0.5	0.5
0.189733333	0.189733333	0.5	0.5	0.5
0.189866667	0.189866667	0.5	0.5	0.5
0.19	0.19	0.5	0.5	0.5
0.190133333	0.190133333	0.5	0.5	0.5
0.190266667	0.190266667	0.5	0.5	0.5
0.1904	0.1904	0.5	0.5	0.5
0.190533333	0.190533333	0.5	0.5	0.5
0.190666667	0.190666667	0.5	0.5	0.5
0.1908	0.1908	0.5	0.5	0.5
0.190933333	0.190933333	0.5	0.5	0.5
0.191066667	0.191066667	0.5	0.5	0.5
0.1912	0.1912	0.5	0.5	0.5
0.191333333	0.191333333	0.5	0.5	0.5
0.191466667	0.191466667	0.5	0.5	0.5
0.1916	0.1916	0.5	0.5	0.5
0.191733333	0.191733333	0.5	0.5	0.5
0.191866667	0.191866667	0.5	0.5	0.5
0.192	0.192	0.5	0.5	0.5
0.192133333	0.192133333	0.5	0.5	0.5
0.192266667	0.192266667	0.5	0.5	0.5
0.1924	0.1924	0.5	0.5	0.5
0.192533333	0.192533333	0.5	0.5	0.5
0.192666667	0.192666667	0.5	0.5	0.5
0.1928	0.1928	0.5	0.5	0.5
0.192933333	0.192933333	0.5	0.5	0.5
0.193066667	0.193066667	0.5	0.5	0.5
0.1932	0.1932	0.5	0.5	0.5
0.193333333	0.193333333	0.5	0.5	0.5
0.193466667	0.193466667	0.5	0.5	0.5
0.1936	0.1936	0.5	0.5	0.5
0.193733333	0.193733333	0.5	0.5	0.5
0.193866667	0.193866667	0.5	0.5	0.5
0.194	0.194	0.5	0.5	0.5
0.194133333	0.194133333	0.5	0.5	0.5
0.194266667	0.194266667	0.5	0.5	0.5
0.1944	0.1944	0.5	0.5	0.5
0.194533333	0.194533333	0.5	0.5	0.5
0.194666667	0.194666667	0.5	0.5	0.5
0.1948	0.1948	0.5	0.5	0.5
0.194933333	0.194933333	0.5	0.5	0.5
0.195066667	0.195066667	0.5	0.5	0.5
0.1952	0.1952	0.5	0.5	0.5
0.195333333	0.195333333	0.5	0.5	0.5
0.195466667	0.195466667	0.5	0.5	0.5
0.1956	0.1956	0.5	0.5	0.5
0.195733333	0.195733333	0.5	0.5	0.5
0.195866667	0.195866667	0.5	0.5	0.5
0.196	0.196	0.5	0.5	0.5
0.196133333	0.196133333	0.5	0.5	0.5
0.196266667	0.196266667	0.5	0.5	0.5
0.1964	0.1964	0.5	0.5	0.5
0.196533333	0.196533333	0.5	0.5	0.5
0.196666667	0.196666667	0.5	0.5	0.5
0.1968	0.1968	0.5	0.5	0.5
0.196933333	0.196933333	0.5	0.5	0.5
0.197066667	0.197066667	0.5	0.5	0.5
0.1972	0.1972	0.5	0.5	0.5
0.197333333	0.197333333	0.5	0.5	0.5
0.197466667	0.197466667	0.5	0.5	0.5
0.1976	0.1976	0.5	0.5	0.5
0.197733333	0.197733333	0.5	0.5	0.5
0.197866667	0.197866667	0.5	0.5	0.5
0.198	0.198	0.5	0.5	0.5
0.198133333	0.198133333	0.5	0.5	0.5
0.198266667	0.198266667	0.5	0.5	0.5
0.1984	0.1984	0.5	0.5	0.5
0.198533333	0.198533333	0.5	0.5	0.5
0.198666667	0.198666667	0.5	0.5	0.5
0.1988	0.1988	0.5	0.5	0.5
0.198933333	0.198933333	0.5	0.5	0.5
0.199066667	0.199066667	0.5	0.5	0.5
0.1992	0.1992	0.5	0.5	0.5
0.199333333	0.199333333	0.5	0.5	0.5
0.199466667	0.199466667	0.5	0.5	0.5
0.1996	0.1996	0.5	0.5	0.5
0.199733333	0.199733333	0.5	0.5	0.5
0.199866667	0.199866667	0.5	0.5	0.5
0.2	0.2	0.5	0.5	0.5
0.200133333	0.200133333	0.5	0.5	0.5
0.200266667	0.200266667	0.5	0.5	0.5
0.2004	0.2004	0.5	0.5	0.5
0.200533333	0.200533333	0.5	0.5	0.5
0.200666667	0.200666667	0.5	0.5	0.5
0.2008	0.2008	0.5	0.5	0.5
0.200933333	0.200933333	0.5	0.5	0.5
0.201066667	0.201066667	0.5	0.5	0.5
0.2012	0.2012	0.5	0.5	0.5
0.201333333	0.201333333	0.5	0.5	0.5
0.201466667	0.201466667	0.5	0.5	0.5
0.2016	0.2016	0.5	0.5	0.5
0.201733333	0.201733333	0.5	0.5	0.5
0.201866667	0.201866667	0.5	0.5	0.5
0.202	0.202	0.5	0.5	0.5
0.202133333	0.202133333	0.5	0.5	0.5
0.202266667	0.202266667	0.5	0.5	0.5
0.2024	0.2024	0.5	0.5	0.5
0.202533333	0.202533333	0.5	0.5	0.5
0.202666667	0.202666667	0.5	0.5	0.5
0.2028	0.2028	0.5	0.5	0.5
0.202933333	0.202933333	0.5	0.5	0.5
0.203066667	0.203066667	0.5	0.5	0.5
0.2032	0.2032	0.5	0.5	0.5
0.203333333	0.203333333	0.5	0.5	0.5
0.203466667	0.203466667	0.5	0.5	0.5
0.2036	0.2036	0.5	0.5	0.5
0.203733333	0.203733333	0.5	0.5	0.5
0.203866667	0.203866667	0.5	0.5	0.5
0.204	0.204	0.5	0.5	0.5
0.204133333	0.204133333	0.5	0.5	0.5
0.204266667	0.204266667	0.5	0.5	0.5
0.2044	0.2044	0.5	0.5	0.5
0.204533333	0.204533333	0.5	0.5	0.5
0.204666667	0.204666667	0.5	0.5	0.5
0.2048	0.2048	0.5	0.5	0.5
0.204933333	0.204933333	0.5	0.5	0.5
0.205066667	0.205066667	0.5	0.5	0.5
0.2052	0.2052	0.5	0.5	0.5
0.205333333	0.205333333	0.5	0.5	0.5
0.205466667	0.205466667	0.5	0.5	0.5
0.2056	0.2056	0.5	0.5	0.5
0.205733333	0.205733333	0.5	0.5	0.5
0.205866667	0.205866667	0.5	0.5	0.5
0.206	0.206	0.5	0.5	0.5
0.206133333	0.206133333	0.5	0.5	0.5
0.206266667	0.206266667	0.5	0.5	0.5
0.2064	0.2064	0.5	0.5	0.5
0.206533333	0.206533333	0.5	0.5	0.5
0.206666667	0.206666667	0.5	0.5	0.5
0.2068	0.2068	0.5	0.5	0.5
0.206933333	0.206933333	0.5	0.5	0.5
0.207066667	0.207066667	0.5	0.5	0.5
0.2072	0.2072	0.5	0.5	0.5
0.207333333	0.207333333	0.5	0.5	0.5
0.207466667	0.207466667	0.5	0.5	0.5
0.2076	0.2076	0.5	0.5	0.5
0.207733333	0.207733333	0.5	0.5	0.5
0.207866667	0.207866667	0.5	0.5	0.5
0.208	0.208	0.5	0.5	0.5
0.208133333	0.208133333	0.5	0.5	0.5
0.208266667	0.208266667	0.5	0.5	0.5
0.2084	0.2084	0.5	0.5	0.5
0.208533333	0.208533333	0.5	0.5	0.5
0.208666667	0.208666667	0.5	0.5	0.5
0.2088	0.2088	0.5	0.5	0.5
0.208933333	0.208933333	0.5	0.5	0.5
0.209066667	0.209066667	0.5	0.5	0.5
0.2092	0.2092	0.5	0.5	0.5
0.209333333	0.209333333	0.5	0.5	0.5
0.209466667	0.209466667	0.5	0.5	0.5
0.2096	0.2096	0.5	0.5	0.5
0.209733333	0.209733333	0.5	0.5	0.5
0.209866667	0.209866667	0.5	0.5	0.5
0.21	0.21	0.5	0.5	0.5
0.210133333	0.210133333	0.5	0.5	0.5
0.210266667	0.210266667	0.5	0.5	0.5
0.2104	0.2104	0.5	0.5	0.5
0.210533333	0.210533333	0.5	0.5	0.5
0.210666667	0.210666667	0.5	0.5	0.5
0.2108	0.2108	0.5	0.5	0.5
0.210933333	0.210933333	0.5	0.5	0.5
0.211066667	0.211066667	0.5	0.5	0.5
0.2112	0.2112	0.5	0.5	0.5
0.211333333	0.211333333	0.5	0.5	0.5
0.211466667	0.211466667	0.5	0.5	0.5
0.2116	0.2116	0.5	0.5	0.5
0.211733333	0.211733333	0.5	0.5	0.5
0.211866667	0.211866667	0.5	0.5	0.5
0.212	0.212	0.5	0.5	0.5
0.212133333	0.212133333	0.5	0.5	0.5
0.212266667	0.212266667	0.5	0.5	0.5
0.2124	0.2124	0.5	0.5	0.5
0.212533333	0.212533333	0.5	0.5	0.5
0.212666667	0.212666667	0.5	0.5	0.5
0.2128	0.2128	0.5	0.5	0.5
0.212933333	0.212933333	0.5	0.5	0.5
0.213066667	0.213066667	0.5	0.5	0.5
0.2132	0.2132	0.5	0.5	0.5
0.213333333	0.213333333	0.5	0.5	0.5
0.213466667	0.213466667	0.5	0.5	0.5
0.2136	0.2136	0.5	0.5	0.5
0.213733333	0.213733333	0.5	0.5	0.5
0.213866667	0.213866667	0.5	0.5	0.5
0.214	0.214	0.5	0.5	0.5
0.214133333	0.214133333	0.5	0.5	0.5
0.214266667	0.214266667	0.5	0.5	0.5
0.2144	0.2144	0.5	0.5	0.5
0.214533333	0.214533333	0.5	0.5	0.5
0.214666667	0.214666667	0.5	0.5	0.5
0.2148	0.2148	0.5	0.5	0.5
0.214933333	0.214933333	0.5	0.5	0.5
0.215066667	0.215066667	0.5	0.5	0.5
0.2152	0.2152	0.5	0.5	0.5
0.215333333	0.215333333	0.5	0.5	0.5
0.215466667	0.215466667	0.5	0.5	0.5
0.2156	0.2156	0.5	0.5	0.5
0.215733333	0.215733333	0.5	0.5	0.5
0.215866667	0.215866667	0.5	0.5	0.5
0.216	0.216	0.5	0.5	0.5
0.216133333	0.216133333	0.5	0.5	0.5
0.216266667	0.216266667	0.5	0.5	0.5
0.2164	0.2164	0.5	0.5	0.5
0.216533333	0.216533333	0.5	0.5	0.5
0.216666667	0.216666667	0.5	0.5	0.5
0.2168	0.2168	0.5	0.5	0.5
0.216933333	0.216933333	0.5	0.5	0.5
0.217066667	0.217066667	0.5	0.5	0.5
0.2172	0.2172	0.5	0.5	0.5
0.217333333	0.217333333	0.5	0.5	0.5
0.217466667	0.217466667	0.5	0.5	0.5
0.2176	0.2176	0.5	0.5	0.5
0.217733333	0.217733333	0.5	0.5	0.5
0.217866667	0.217866667	0.5	0.5	0.5
0.218	0.218	0.5	0.5	0.5
0.218133333	0.218133333	0.5	0.5	0.5
0.218266667	0.218266667	0.5	0.5	0.5
0.2184	0.2184	0.5	0.5	0.5
0.218533333	0.218533333	0.5	0.5	0.5
0.218666667	0.218666667	0.5	0.5	0.5
0.2188	0.2188	0.5	0.5	0.5
0.218933333	0.218933333	0.5	0.5	0.5
0.219066667	0.219066667	0.5	0.5	0.5
0.2192	0.2192	0.5	0.5	0.5
0.219333333	0.219333333	0.5	0.5	0.5
0.219466667	0.219466667	0.5	0.5	0.5
0.2196	0.2196	0.5	0.5	0.5
0.219733333	0.219733333	0.5	0.5	0.5
0.219866667	0.219866667	0.5	0.5	0.5
0.22	0.22	0.5	0.5	0.5
0.220133333	0.220133333	0.5	0.5	0.5
0.220266667	0.220266667	0.5	0.5	0.5
0.2204	0.2204	0.5	0.5	0.5
0.220533333	0.220533333	0.5	0.5	0.5
0.220666667	0.220666667	0.5	0.5	0.5
0.2208	0.2208	0.5	0.5	0.5
0.220933333	0.220933333	0.5	0.5	0.5
0.221066667	0.221066667	0.5	0.5	0.5
0.2212	0.2212	0.5	0.5	0.5
0.221333333	0.221333333	0.5	0.5	0.5
0.221466667	0.221466667	0.5	0.5	0.5
0.2216	0.2216	0.5	0.5	0.5
0.221733333	0.221733333	0.5	0.5	0.5
0.221866667	0.221866667	0.5	0.5	0.5
0.222	0.222	0.5	0.5	0.5
0.222133333	0.222133333	0.5	0.5	0.5
0.222266667	0.222266667	0.5	0.5	0.5
0.2224	0.2224	0.5	0.5	0.5
0.222533333	0.222533333	0.5	0.5	0.5
0.222666667	0.222666667	0.5	0.5	0.5
0.2228	0.2228	0.5	0.5	0.5
0.222933333	0.222933333	0.5	0.5	0.5
0.223066667	0.223066667	0.5	0.5	0.5
0.2232	0.2232	0.5	0.5	0.5
0.223333333	0.223333333	0.5	0.5	0.5
0.223466667	0.223466667	0.5	0.5	0.5
0.2236	0.2236	0.5	0.5	0.5
0.223733333	0.223733333	0.5	0.5	0.5
0.223866667	0.223866667	0.5	0.5	0.5
0.224	0.224	0.5	0.5	0.5
0.224133333	0.224133333	0.5	0.5	0.5
0.224266667	0.224266667	0.5	0.5	0.5
0.2244	0.2244	0.5	0.5	0.5
0.224533333	0.224533333	0.5	0.5	0.5
0.224666667	0.224666667	0.5	0.5	0.5
0.2248	0.2248	0.5	0.5	0.5
0.224933333	0.224933333	0.5	0.5	0.5
0.225066667	0.225066667	0.5	0.5	0.5
0.2252	0.2252	0.5	0.5	0.5
0.225333333	0.225333333	0.5	0.5	0.5
0.225466667	0.225466667	0.5	0.5	0.5
0.2256	0.2256	0.5	0.5	0.5
0.225733333	0.225733333	0.5	0.5	0.5
0.225866667	0.225866667	0.5	0.5	0.5
0.226	0.226	0.5	0.5	0.5
0.226133333	0.226133333	0.5	0.5	0.5
0.226266667	0.226266667	0.5	0.5	0.5
0.2264	0.2264	0.5	0.5	0.5
0.226533333	0.226533333	0.5	0.5	0.5
0.226666667	0.226666667	0.5	0.5	0.5
0.2268	0.2268	0.5	0.5	0.5
0.226933333	0.226933333	0.5	0.5	0.5
0.227066667	0.227066667	0.5	0.5	0.5
0.2272	0.2272	0.5	0.5	0.5
0.227333333	0.227333333	0.5	0.5	0.5
0.227466667	0.227466667	0.5	0.5	0.5
0.2276	0.2276	0.5	0.5	0.5
0.227733333	0.227733333	0.5	0.5	0.5
0.227866667	0.227866667	0.5	0.5	0.5
0.228	0.228	0.5	0.5	0.5
0.228133333	0.228133333	0.5	0.5	0.5
0.228266667	0.228266667	0.5	0.5	0.5
0.2284	0.2284	0.5	0.5	0.5
0.228533333	0.228533333	0.5	0.5	0.5
0.228666667	0.228666667	0.5	0.5	0.5
0.2288	0.2288	0.5	0.5	0.5
0.228933333	0.228933333	0.5	0.5	0.5
0.229066667	0.229066667	0.5	0.5	0.5
0.2292	0.2292	0.5	0.5	0.5
0.229333333	0.229333333	0.5	0.5	0.5
0.229466667	0.229466667	0.5	0.5	0.5
0.2296	0.2296	0.5	0.5	0.5
0.229733333	0.229733333	0.5	0.5	0.5
0.229866667	0.229866667	0.5	0.5	0.5
0.23	0.23	0.5	0.5	0.5
0.230133333	0.230133333	0.5	0.5	0.5
0.230266667	0.230266667	0.5	0.5	0.5
0.2304	0.2304	0.5	0.5	0.5
0.230533333	0.230533333	0.5	0.5	0.5
0.230666667	0.230666667	0.5	0.5	0.5
0.2308	0.2308	0.5	0.5	0.5
0.230933333	0.230933333	0.5	0.5	0.5
0.231066667	0.231066667	0.5	0.5	0.5
0.2312	0.2312	0.5	0.5	0.5
0.231333333	0.231333333	0.5	0.5	0.5
0.231466667	0.231466667	0.5	0.5	0.5
0.2316	0.2316	0.5	0.5	0.5
0.231733333	0.231733333	0.5	0.5	0.5
0.231866667	0.231866667	0.5	0.5	0.5
0.232	0.232	0.5	0.5	0.5
0.232133333	0.232133333	0.5	0.5	0.5
0.232266667	0.232266667	0.5	0.5	0.5
0.2324	0.2324	0.5	0.5	0.5
0.232533333	0.232533333	0.5	0.5	0.5
0.232666667	0.232666667	0.5	0.5	0.5
0.2328	0.2328	0.5	0.5	0.5
0.232933333	0.232933333	0.5	0.5	0.5
0.233066667	0.233066667	0.5	0.5	0.5
0.2332	0.2332	0.5	0.5	0.5
0.233333333	0.233333333	0.5	0.5	0.5
0.233466667	0.233466667	0.5	0.5	0.5
0.2336	0.2336	0.5	0.5	0.5
0.233733333	0.233733333	0.5	0.5	0.5
0.233866667	0.233866667	0.5	0.5	0.5
0.234	0.234	0.5	0.5	0.5
0.234133333	0.234133333	0.5	0.5	0.5
0.234266667	0.234266667	0.5	0.5	0.5
0.2344	0.2344	0.5	0.5	0.5
0.234533333	0.234533333	0.5	0.5	0.5
0.234666667	0.234666667	0.5	0.5	0.5
0.2348	0.2348	0.5	0.5	0.5
0.234933333	0.234933333	0.5	0.5	0.5
0.235066667	0.235066667	0.5	0.5	0.5
0.2352	0.2352	0.5	0.5	0.5
0.235333333	0.235333333	0.5	0.5	0.5
0.235466667	0.235466667	0.5	0.5	0.5
0.2356	0.2356	0.5	0.5	0.5
0.235733333	0.235733333	0.5	0.5	0.5
0.235866667	0.235866667	0.5	0.5	0.5
0.236	0.236	0.5	0.5	0.5
0.236133333	0.236133333	0.5	0.5	0.5
0.236266667	0.236266667	0.5	0.5	0.5
0.2364	0.2364	0.5	0.5	0.5
0.236533333	0.236533333	0.5	0.5	0.5
0.236666667	0.236666667	0.5	0.5	0.5
0.2368	0.2368	0.5	0.5	0.5
0.236933333	0.236933333	0.5	0.5	0.5
0.237066667	0.237066667	0.5	0.5	0.5
0.2372	0.2372	0.5	0.5	0.5
0.237333333	0.237333333	0.5	0.5	0.5
0.237466667	0.237466667	0.5	0.5	0.5
0.2376	0.2376	0.5	0.5	0.5
0.237733333	0.237733333	0.5	0.5	0.5
0.237866667	0.237866667	0.5	0.5	0.5
0.238	0.238	0.5	0.5	0.5
0.238133333	0.238133333	0.5	0.5	0.5
0.238266667	0.238266667	0.5	0.5	0.5
0.2384	0.2384	0.5	0.5	0.5
0.238533333	0.238533333	0.5	0.5	0.5
0.238666667	0.238666667	0.5	0.5	0.5
0.2388	0.2388	0.5	0.5	0.5
0.238933333	0.238933333	0.5	0.5	0.5
0.239066667	0.239066667	0.5	0.5	0.5
0.2392	0.2392	0.5	0.5	0.5
0.239333333	0.239333333	0.5	0.5	0.5
0.239466667	0.239466667	0.5	0.5	0.5
0.2396	0.2396	0.5	0.5	0.5
0.239733333	0.239733333	0.5	0.5	0.5
0.239866667	0.239866667	0.5	0.5	0.5
0.24	0.24	0.5	0.5	0.5
0.240133333	0.240133333	0.5	0.5	0.5
0.240266667	0.240266667	0.5	0.5	0.5
0.2404	0.2404	0.5	0.5	0.5
0.240533333	0.240533333	0.5	0.5	0.5
0.240666667	0.240666667	0.5	0.5	0.5
0.2408	0.2408	0.5	0.5	0.5
0.240933333	0.240933333	0.5	0.5	0.5
0.241066667	0.241066667	0.5	0.5	0.5
0.2412	0.2412	0.5	0.5	0.5
0.241333333	0.241333333	0.5	0.5	0.5
0.241466667	0.241466667	0.5	0.5	0.5
0.2416	0.2416	0.5	0.5	0.5
0.241733333	0.241733333	0.5	0.5	0.5
0.241866667	0.241866667	0.5	0.5	0.5
0.242	0.242	0.5	0.5	0.5
0.242133333	0.242133333	0.5	0.5	0.5
0.242266667	0.242266667	0.5	0.5	0.5
0.2424	0.2424	0.5	0.5	0.5
0.242533333	0.242533333	0.5	0.5	0.5
0.242666667	0.242666667	0.5	0.5	0.5
0.2428	0.2428	0.5	0.5	0.5
0.242933333	0.242933333	0.5	0.5	0.5
0.243066667	0.243066667	0.5	0.5	0.5
0.2432	0.2432	0.5	0.5	0.5
0.243333333	0.243333333	0.5	0.5	0.5
0.243466667	0.243466667	0.5	0.5	0.5
0.2436	0.2436	0.5	0.5	0.5
0.243733333	0.243733333	0.5	0.5	0.5
0.243866667	0.243866667	0.5	0.5	0.5
0.244	0.244	0.5	0.5	0.5
0.244133333	0.244133333	0.5	0.5	0.5
0.244266667	0.244266667	0.5	0.5	0.5
0.2444	0.2444	0.5	0.5	0.5
0.244533333	0.244533333	0.5	0.5	0.5
0.244666667	0.244666667	0.5	0.5	0.5
0.2448	0.2448	0.5	0.5	0.5
0.244933333	0.244933333	0.5	0.5	0.5
0.245066667	0.245066667	0.5	0.5	0.5
0.2452	0.2452	0.5	0.5	0.5
0.245333333	0.245333333	0.5	0.5	0.5
0.245466667	0.245466667	0.5	0.5	0.5
0.2456	0.2456	0.5	0.5	0.5
0.245733333	0.245733333	0.5	0.5	0.5
0.245866667	0.245866667	0.5	0.5	0.5
0.246	0.246	0.5	0.5	0.5
0.246133333	0.246133333	0.5	0.5	0.5
0.246266667	0.246266667	0.5	0.5	0.5
0.2464	0.2464	0.5	0.5	0.5
0.246533333	0.246533333	0.5	0.5	0.5
0.246666667	0.246666667	0.5	0.5	0.5
0.2468	0.2468	0.5	0.5	0.5
0.246933333	0.246933333	0.5	0.5	0.5
0.247066667	0.247066667	0.5	0.5	0.5
0.2472	0.2472	0.5	0.5	0.5
0.247333333	0.247333333	0.5	0.5	0.5
0.247466667	0.247466667	0.5	0.5	0.5
0.2476	0.2476	0.5	0.5	0.5
0.247733333	0.247733333	0.5	0.5	0.5
0.247866667	0.247866667	0.5	0.5	0.5
0.248	0.248	0.5	0.5	0.5
0.248133333	0.248133333	0.5	0.5	0.5
0.248266667	0.248266667	0.5	0.5	0.5
0.2484	0.2484	0.5	0.5	0.5
0.248533333	0.248533333	0.5	0.5	0.5
0.248666667	0.248666667	0.5	0.5	0.5
0.2488	0.2488	0.5	0.5	0.5
0.248933333	0.248933333	0.5	0.5	0.5
0.249066667	0.249066667	0.5	0.5	0.5
0.2492	0.2492	0.5	0.5	0.5
0.249333333	0.249333333	0.5	0.5	0.5
0.249466667	0.249466667	0.5	0.5	0.5
0.2496	0.2496	0.5	0.5	0.5
0.249733333	0.249733333	0.5	0.5	0.5
0.249866667	0.249866667	0.5	0.5	0.5
0.25	0.25	0.5	0.5	0.5
0.250133333	0.250133333	0.5	0.5	0.5
0.250266667	0.250266667	0.5	0.5	0.5
0.2504	0.2504	0.5	0.5	0.5
0.250533333	0.250533333	0.5	0.5	0.5
0.250666667	0.250666667	0.5	0.5	0.5
0.2508	0.2508	0.5	0.5	0.5
0.250933333	0.250933333	0.5	0.5	0.5
0.251066667	0.251066667	0.5	0.5	0.5
0.2512	0.2512	0.5	0.5	0.5
0.251333333	0.251333333	0.5	0.5	0.5
0.251466667	0.251466667	0.5	0.5	0.5
0.2516	0.2516	0.5	0.5	0.5
0.251733333	0.251733333	0.5	0.5	0.5
0.251866667	0.251866667	0.5	0.5	0.5
0.252	0.252	0.5	0.5	0.5
0.252133333	0.252133333	0.5	0.5	0.5
0.252266667	0.252266667	0.5	0.5	0.5
0.2524	0.2524	0.5	0.5	0.5
0.252533333	0.252533333	0.5	0.5	0.5
0.252666667	0.252666667	0.5	0.5	0.5
0.2528	0.2528	0.5	0.5	0.5
0.252933333	0.252933333	0.5	0.5	0.5
0.253066667	0.253066667	0.5	0.5	0.5
0.2532	0.2532	0.5	0.5	0.5
0.253333333	0.253333333	0.5	0.5	0.5
0.253466667	0.253466667	0.5	0.5	0.5
0.2536	0.2536	0.5	0.5	0.5
0.253733333	0.253733333	0.5	0.5	0.5
0.253866667	0.253866667	0.5	0.5	0.5
0.254	0.254	0.5	0.5	0.5
0.254133333	0.254133333	0.5	0.5	0.5
0.254266667	0.254266667	0.5	0.5	0.5
0.2544	0.2544	0.5	0.5	0.5
0.254533333	0.254533333	0.5	0.5	0.5
0.254666667	0.254666667	0.5	0.5	0.5
0.2548	0.2548	0.5	0.5	0.5
0.254933333	0.254933333	0.5	0.5	0.5
0.255066667	0.255066667	0.5	0.5	0.5
0.2552	0.2552	0.5	0.5	0.5
0.255333333	0.255333333	0.5	0.5	0.5
0.255466667	0.255466667	0.5	0.5	0.5
0.2556	0.2556	0.5	0.5	0.5
0.255733333	0.255733333	0.5	0.5	0.5
0.255866667	0.255866667	0.5	0.5	0.5
0.256	0.256	0.5	0.5	0.5
0.256133333	0.256133333	0.5	0.5	0.5
0.256266667	0.256266667	0.5	0.5	0.5
0.2564	0.2564	0.5	0.5	0.5
0.256533333	0.256533333	0.5	0.5	0.5
0.256666667	0.256666667	0.5	0.5	0.5
0.2568	0.2568	0.5	0.5	0.5
0.256933333	0.256933333	0.5	0.5	0.5
0.257066667	0.257066667	0.5	0.5	0.5
0.2572	0.2572	0.5	0.5	0.5
0.257333333	0.257333333	0.5	0.5	0.5
0.257466667	0.257466667	0.5	0.5	0.5
0.2576	0.2576	0.5	0.5	0.5
0.257733333	0.257733333	0.5	0.5	0.5
0.257866667	0.257866667	0.5	0.5	0.5
0.258	0.258	0.5	0.5	0.5
0.258133333	0.258133333	0.5	0.5	0.5
0.258266667	0.258266667	0.5	0.5	0.5
0.2584	0.2584	0.5	0.5	0.5
0.258533333	0.258533333	0.5	0.5	0.5
0.258666667	0.258666667	0.5	0.5	0.5
0.2588	0.2588	0.5	0.5	0.5
0.258933333	0.258933333	0.5	0.5	0.5
0.259066667	0.259066667	0.5	0.5	0.5
0.2592	0.2592	0.5	0.5	0.5
0.259333333	0.259333333	0.5	0.5	0.5
0.259466667	0.259466667	0.5	0.5	0.5
0.2596	0.2596	0.5	0.5	0.5
0.259733333	0.259733333	0.5	0.5	0.5
0.259866667	0.259866667	0.5	0.5	0.5
0.26	0.26	0.5	0.5	0.5
0.260133333	0.260133333	0.5	0.5	0.5
0.260266667	0.260266667	0.5	0.5	0.5
0.2604	0.2604	0.5	0.5	0.5
0.260533333	0.260533333	0.5	0.5	0.5
0.260666667	0.260666667	0.5	0.5	0.5
0.2608	0.2608	0.5	0.5	0.5
0.260933333	0.260933333	0.5	0.5	0.5
0.261066667	0.261066667	0.5	0.5	0.5
0.2612	0.2612	0.5	0.5	0.5
0.261333333	0.261333333	0.5	0.5	0.5
0.261466667	0.261466667	0.5	0.5	0.5
0.2616	0.2616	0.5	0.5	0.5
0.261733333	0.261733333	0.5	0.5	0.5
0.261866667	0.261866667	0.5	0.5	0.5
0.262	0.262	0.5	0.5	0.5
0.262133333	0.262133333	0.5	0.5	0.5
0.262266667	0.262266667	0.5	0.5	0.5
0.2624	0.2624	0.5	0.5	0.5
0.262533333	0.262533333	0.5	0.5	0.5
0.262666667	0.262666667	0.5	0.5	0.5
0.2628	0.2628	0.5	0.5	0.5
0.262933333	0.262933333	0.5	0.5	0.5
0.263066667	0.263066667	0.5	0.5	0.5
0.2632	0.2632	0.5	0.5	0.5
0.263333333	0.263333333	0.5	0.5	0.5
0.263466667	0.263466667	0.5	0.5	0.5
0.2636	0.2636	0.5	0.5	0.5
0.263733333	0.263733333	0.5	0.5	0.5
0.263866667	0.263866667	0.5	0.5	0.5
0.264	0.264	0.5	0.5	0.5
0.264133333	0.264133333	0.5	0.5	0.5
0.264266667	0.264266667	0.5	0.5	0.5
0.2644	0.2644	0.5	0.5	0.5
0.264533333	0.264533333	0.5	0.5	0.5
0.264666667	0.264666667	0.5	0.5	0.5
0.2648	0.2648	0.5	0.5	0.5
0.264933333	0.264933333	0.5	0.5	0.5
0.265066667	0.265066667	0.5	0.5	0.5
0.2652	0.2652	0.5	0.5	0.5
0.265333333	0.265333333	0.5	0.5	0.5
0.265466667	0.265466667	0.5	0.5	0.5
0.2656	0.2656	0.5	0.5	0.5
0.265733333	0.265733333	0.5	0.5	0.5
0.265866667	0.265866667	0.5	0.5	0.5
0.266	0.266	0.5	0.5	0.5
0.266133333	0.266133333	0.5	0.5	0.5
0.266266667	0.266266667	0.5	0.5	0.5
0.2664	0.2664	0.5	0.5	0.5
0.266533333	0.266533333	0.5	0.5	0.5
0.266666667	0.266666667	0.5	0.5	0.5
0.2668	0.2668	0.5	0.5	0.5
0.266933333	0.266933333	0.5	0.5	0.5
0.267066667	0.267066667	0.5	0.5	0.5
0.2672	0.2672	0.5	0.5	0.5
0.267333333	0.267333333	0.5	0.5	0.5
0.267466667	0.267466667	0.5	0.5	0.5
0.2676	0.2676	0.5	0.5	0.5
0.267733333	0.267733333	0.5	0.5	0.5
0.267866667	0.267866667	0.5	0.5	0.5
0.268	0.268	0.5	0.5	0.5
0.268133333	0.268133333	0.5	0.5	0.5
0.268266667	0.268266667	0.5	0.5	0.5
0.2684	0.2684	0.5	0.5	0.5
0.268533333	0.268533333	0.5	0.5	0.5
0.268666667	0.268666667	0.5	0.5	0.5
0.2688	0.2688	0.5	0.5	0.5
0.268933333	0.268933333	0.5	0.5	0.5
0.269066667	0.269066667	0.5	0.5	0.5
0.2692	0.2692	0.5	0.5	0.5
0.269333333	0.269333333	0.5	0.5	0.5
0.269466667	0.269466667	0.5	0.5	0.5
0.2696	0.2696	0.5	0.5	0.5
0.269733333	0.269733333	0.5	0.5	0.5
0.269866667	0.269866667	0.5	0.5	0.5
0.27	0.27	0.5	0.5	0.5
0.270133333	0.270133333	0.5	0.5	0.5
0.270266667	0.270266667	0.5	0.5	0.5
0.2704	0.2704	0.5	0.5	0.5
0.270533333	0.270533333	0.5	0.5	0.5
0.270666667	0.270666667	0.5	0.5	0.5
0.2708	0.2708	0.5	0.5	0.5
0.270933333	0.270933333	0.5	0.5	0.5
0.271066667	0.271066667	0.5	0.5	0.5
0.2712	0.2712	0.5	0.5	0.5
0.271333333	0.271333333	0.5	0.5	0.5
0.271466667	0.271466667	0.5	0.5	0.5
0.2716	0.2716	0.5	0.5	0.5
0.271733333	0.271733333	0.5	0.5	0.5
0.271866667	0.271866667	0.5	0.5	0.5
0.272	0.272	0.5	0.5	0.5
0.272133333	0.272133333	0.5	0.5	0.5
0.272266667	0.272266667	0.5	0.5	0.5
0.2724	0.2724	0.5	0.5	0.5
0.272533333	0.272533333	0.5	0.5	0.5
0.272666667	0.272666667	0.5	0.5	0.5
0.2728	0.2728	0.5	0.5	0.5
0.272933333	0.272933333	0.5	0.5	0.5
0.273066667	0.273066667	0.5	0.5	0.5
0.2732	0.2732	0.5	0.5	0.5
0.273333333	0.273333333	0.5	0.5	0.5
0.273466667	0.273466667	0.5	0.5	0.5
0.2736	0.2736	0.5	0.5	0.5
0.273733333	0.273733333	0.5	0.5	0.5
0.273866667	0.273866667	0.5	0.5	0.5
0.274	0.274	0.5	0.5	0.5
0.274133333	0.274133333	0.5	0.5	0.5
0.274266667	0.274266667	0.5	0.5	0.5
0.2744	0.2744	0.5	0.5	0.5
0.274533333	0.274533333	0.5	0.5	0.5
0.274666667	0.274666667	0.5	0.5	0.5
0.2748	0.2748	0.5	0.5	0.5
0.274933333	0.274933333	0.5	0.5	0.5
0.275066667	0.275066667	0.5	0.5	0.5
0.2752	0.2752	0.5	0.5	0.5
0.275333333	0.275333333	0.5	0.5	0.5
0.275466667	0.275466667	0.5	0.5	0.5
0.2756	0.2756	0.5	0.5	0.5
0.275733333	0.275733333	0.5	0.5	0.5
0.275866667	0.275866667	0.5	0.5	0.5
0.276	0.276	0.5	0.5	0.5
0.276133333	0.276133333	0.5	0.5	0.5
0.276266667	0.276266667	0.5	0.5	0.5
0.2764	0.2764	0.5	0.5	0.5
0.276533333	0.276533333	0.5	0.5	0.5
0.276666667	0.276666667	0.5	0.5	0.5
0.2768	0.2768	0.5	0.5	0.5
0.276933333	0.276933333	0.5	0.5	0.5
0.277066667	0.277066667	0.5	0.5	0.5
0.2772	0.2772	0.5	0.5	0.5
0.277333333	0.277333333	0.5	0.5	0.5
0.277466667	0.277466667	0.5	0.5	0.5
0.2776	0.2776	0.5	0.5	0.5
0.277733333	0.277733333	0.5	0.5	0.5
0.277866667	0.277866667	0.5	0.5	0.5
0.278	0.278	0.5	0.5	0.5
0.278133333	0.278133333	0.5	0.5	0.5
0.278266667	0.278266667	0.5	0.5	0.5
0.2784	0.2784	0.5	0.5	0.5
0.278533333	0.278533333	0.5	0.5	0.5
0.278666667	0.278666667	0.5	0.5	0.5
0.2788	0.2788	0.5	0.5	0.5
0.278933333	0.278933333	0.5	0.5	0.5
0.279066667	0.279066667	0.5	0.5	0.5
0.2792	0.2792	0.5	0.5	0.5
0.279333333	0.279333333	0.5	0.5	0.5
0.279466667	0.279466667	0.5	0.5	0.5
0.2796	0.2796	0.5	0.5	0.5
0.279733333	0.279733333	0.5	0.5	0.5
0.279866667	0.279866667	0.5	0.5	0.5
0.28	0.28	0.5	0.5	0.5
0.280133333	0.280133333	0.5	0.5	0.5
0.280266667	0.280266667	0.5	0.5	0.5
0.2804	0.2804	0.5	0.5	0.5
0.280533333	0.280533333	0.5	0.5	0.5
0.280666667	0.280666667	0.5	0.5	0.5
0.2808	0.2808	0.5	0.5	0.5
0.280933333	0.280933333	0.5	0.5	0.5
0.281066667	0.281066667	0.5	0.5	0.5
0.2812	0.2812	0.5	0.5	0.5
0.281333333	0.281333333	0.5	0.5	0.5
0.281466667	0.281466667	0.5	0.5	0.5
0.2816	0.2816	0.5	0.5	0.5
0.281733333	0.281733333	0.5	0.5	0.5
0.281866667	0.281866667	0.5	0.5	0.5
0.282	0.282	0.5	0.5	0.5
0.282133333	0.282133333	0.5	0.5	0.5
0.282266667	0.282266667	0.5	0.5	0.5
0.2824	0.2824	0.5	0.5	0.5
0.282533333	0.282533333	0.5	0.5	0.5
0.282666667	0.282666667	0.5	0.5	0.5
0.2828	0.2828	0.5	0.5	0.5
0.282933333	0.282933333	0.5	0.5	0.5
0.283066667	0.283066667	0.5	0.5	0.5
0.2832	0.2832	0.5	0.5	0.5
0.283333333	0.283333333	0.5	0.5	0.5
0.283466667	0.283466667	0.5	0.5	0.5
0.2836	0.2836	0.5	0.5	0.5
0.283733333	0.283733333	0.5	0.5	0.5
0.283866667	0.283866667	0.5	0.5	0.5
0.284	0.284	0.5	0.5	0.5
0.284133333	0.284133333	0.5	0.5	0.5
0.284266667	0.284266667	0.5	0.5	0.5
0.2844	0.2844	0.5	0.5	0.5
0.284533333	0.284533333	0.5	0.5	0.5
0.284666667	0.284666667	0.5	0.5	0.5
0.2848	0.2848	0.5	0.5	0.5
0.284933333	0.284933333	0.5	0.5	0.5
0.285066667	0.285066667	0.5	0.5	0.5
0.2852	0.2852	0.5	0.5	0.5
0.285333333	0.285333333	0.5	0.5	0.5
0.285466667	0.285466667	0.5	0.5	0.5
0.2856	0.2856	0.5	0.5	0.5
0.285733333	0.285733333	0.5	0.5	0.5
0.285866667	0.285866667	0.5	0.5	0.5
0.286	0.286	0.5	0.5	0.5
0.286133333	0.286133333	0.5	0.5	0.5
0.286266667	0.286266667	0.5	0.5	0.5
0.2864	0.2864	0.5	0.5	0.5
0.286533333	0.286533333	0.5	0.5	0.5
0.286666667	0.286666667	0.5	0.5	0.5
0.2868	0.2868	0.5	0.5	0.5
0.286933333	0.286933333	0.5	0.5	0.5
0.287066667	0.287066667	0.5	0.5	0.5
0.2872	0.2872	0.5	0.5	0.5
0.287333333	0.287333333	0.5	0.5	0.5
0.287466667	0.287466667	0.5	0.5	0.5
0.2876	0.2876	0.5	0.5	0.5
0.287733333	0.287733333	0.5	0.5	0.5
0.287866667	0.287866667	0.5	0.5	0.5
0.288	0.288	0.5	0.5	0.5
0.288133333	0.288133333	0.5	0.5	0.5
0.288266667	0.288266667	0.5	0.5	0.5
0.2884	0.2884	0.5	0.5	0.5
0.288533333	0.288533333	0.5	0.5	0.5
0.288666667	0.288666667	0.5	0.5	0.5
0.2888	0.2888	0.5	0.5	0.5
0.288933333	0.288933333	0.5	0.5	0.5
0.289066667	0.289066667	0.5	0.5	0.5
0.2892	0.2892	0.5	0.5	0.5
0.289333333	0.289333333	0.5	0.5	0.5
0.289466667	0.289466667	0.5	0.5	0.5
0.2896	0.2896	0.5	0.5	0.5
0.289733333	0.289733333	0.5	0.5	0.5
0.289866667	0.289866667	0.5	0.5	0.5
0.29	0.29	0.5	0.5	0.5
0.290133333	0.290133333	0.5	0.5	0.5
0.290266667	0.290266667	0.5	0.5	0.5
0.2904	0.2904	0.5	0.5	0.5
0.290533333	0.290533333	0.5	0.5	0.5
0.290666667	0.290666667	0.5	0.5	0.5
0.2908	0.2908	0.5	0.5	0.5
0.290933333	0.290933333	0.5	0.5	0.5
0.291066667	0.291066667	0.5	0.5	0.5
0.2912	0.2912	0.5	0.5	0.5
0.291333333	0.291333333	0.5	0.5	0.5
0.291466667	0.291466667	0.5	0.5	0.5
0.2916	0.2916	0.5	0.5	0.5
0.291733333	0.291733333	0.5	0.5	0.5
0.291866667	0.291866667	0.5	0.5	0.5
0.292	0.292	0.5	0.5	0.5
0.292133333	0.292133333	0.5	0.5	0.5
0.292266667	0.292266667	0.5	0.5	0.5
0.2924	0.2924	0.5	0.5	0.5
0.292533333	0.292533333	0.5	0.5	0.5
0.292666667	0.292666667	0.5	0.5	0.5
0.2928	0.2928	0.5	0.5	0.5
0.292933333	0.292933333	0.5	0.5	0.5
0.293066667	0.293066667	0.5	0.5	0.5
0.2932	0.2932	0.5	0.5	0.5
0.293333333	0.293333333	0.5	0.5	0.5
0.293466667	0.293466667	0.5	0.5	0.5
0.2936	0.2936	0.5	0.5	0.5
0.293733333	0.293733333	0.5	0.5	0.5
0.293866667	0.293866667	0.5	0.5	0.5
0.294	0.294	0.5	0.5	0.5
0.294133333	0.294133333	0.5	0.5	0.5
0.294266667	0.294266667	0.5	0.5	0.5
0.2944	0.2944	0.5	0.5	0.5
0.294533333	0.294533333	0.5	0.5	0.5
0.294666667	0.294666667	0.5	0.5	0.5
0.2948	0.2948	0.5	0.5	0.5
0.294933333	0.294933333	0.5	0.5	0.5
0.295066667	0.295066667	0.5	0.5	0.5
0.2952	0.2952	0.5	0.5	0.5
0.295333333	0.295333333	0.5	0.5	0.5
0.295466667	0.295466667	0.5	0.5	0.5
0.2956	0.2956	0.5	0.5	0.5
0.295733333	0.295733333	0.5	0.5	0.5
0.295866667	0.295866667	0.5	0.5	0.5
0.296	0.296	0.5	0.5	0.5
0.296133333	0.296133333	0.5	0.5	0.5
0.296266667	0.296266667	0.5	0.5	0.5
0.2964	0.2964	0.5	0.5	0.5
0.296533333	0.296533333	0.5	0.5	0.5
0.296666667	0.296666667	0.5	0.5	0.5
0.2968	0.2968	0.5	0.5	0.5
0.296933333	0.296933333	0.5	0.5	0.5
0.297066667	0.297066667	0.5	0.5	0.5
0.2972	0.2972	0.5	0.5	0.5
0.297333333	0.297333333	0.5	0.5	0.5
0.297466667	0.297466667	0.5	0.5	0.5
0.2976	0.2976	0.5	0.5	0.5
0.297733333	0.297733333	0.5	0.5	0.5
0.297866667	0.297866667	0.5	0.5	0.5
0.298	0.298	0.5	0.5	0.5
0.298133333	0.298133333	0.5	0.5	0.5
0.298266667	0.298266667	0.5	0.5	0.5
0.2984	0.2984	0.5	0.5	0.5
0.298533333	0.298533333	0.5	0.5	0.5
0.298666667	0.298666667	0.5	0.5	0.5
0.2988	0.2988	0.5	0.5	0.5
0.298933333	0.298933333	0.5	0.5	0.5
0.299066667	0.299066667	0.5	0.5	0.5
0.2992	0.2992	0.5	0.5	0.5
0.299333333	0.299333333	0.5	0.5	0.5
0.299466667	0.299466667	0.5	0.5	0.5
0.2996	0.2996	0.5	0.5	0.5
0.299733333	0.299733333	0.5	0.5	0.5
0.299866667	0.299866667	0.5	0.5	0.5
0.3	0.3	0.5	0.5	0.5
0.300133333	0.300133333	0.5	0.5	0.5
0.300266667	0.300266667	0.5	0.5	0.5
0.3004	0.3004	0.5	0.5	0.5
0.300533333	0.300533333	0.5	0.5	0.5
0.300666667	0.300666667	0.5	0.5	0.5
0.3008	0.3008	0.5	0.5	0.5
0.300933333	0.300933333	0.5	0.5	0.5
0.301066667	0.301066667	0.5	0.5	0.5
0.3012	0.3012	0.5	0.5	0.5
0.301333333	0.301333333	0.5	0.5	0.5
0.301466667	0.301466667	0.5	0.5	0.5
0.3016	0.3016	0.5	0.5	0.5
0.301733333	0.301733333	0.5	0.5	0.5
0.301866667	0.301866667	0.5	0.5	0.5
0.302	0.302	0.5	0.5	0.5
0.302133333	0.302133333	0.5	0.5	0.5
0.302266667	0.302266667	0.5	0.5	0.5
0.3024	0.3024	0.5	0.5	0.5
0.302533333	0.302533333	0.5	0.5	0.5
0.302666667	0.302666667	0.5	0.5	0.5
0.3028	0.3028	0.5	0.5	0.5
0.302933333	0.302933333	0.5	0.5	0.5
0.303066667	0.303066667	0.5	0.5	0.5
0.3032	0.3032	0.5	0.5	0.5
0.303333333	0.303333333	0.5	0.5	0.5
0.303466667	0.303466667	0.5	0.5	0.5
0.3036	0.3036	0.5	0.5	0.5
0.303733333	0.303733333	0.5	0.5	0.5
0.303866667	0.303866667	0.5	0.5	0.5
0.304	0.304	0.5	0.5	0.5
0.304133333	0.304133333	0.5	0.5	0.5
0.304266667	0.304266667	0.5	0.5	0.5
0.3044	0.3044	0.5	0.5	0.5
0.304533333	0.304533333	0.5	0.5	0.5
0.304666667	0.304666667	0.5	0.5	0.5
0.3048	0.3048	0.5	0.5	0.5
0.304933333	0.304933333	0.5	0.5	0.5
0.305066667	0.305066667	0.5	0.5	0.5
0.3052	0.3052	0.5	0.5	0.5
0.305333333	0.305333333	0.5	0.5	0.5
0.305466667	0.305466667	0.5	0.5	0.5
0.3056	0.3056	0.5	0.5	0.5
0.305733333	0.305733333	0.5	0.5	0.5
0.305866667	0.305866667	0.5	0.5	0.5
0.306	0.306	0.5	0.5	0.5
0.306133333	0.306133333	0.5	0.5	0.5
0.306266667	0.306266667	0.5	0.5	0.5
0.3064	0.3064	0.5	0.5	0.5
0.306533333	0.306533333	0.5	0.5	0.5
0.306666667	0.306666667	0.5	0.5	0.5
0.3068	0.3068	0.5	0.5	0.5
0.306933333	0.306933333	0.5	0.5	0.5
0.307066667	0.307066667	0.5	0.5	0.5
0.3072	0.3072	0.5	0.5	0.5
0.307333333	0.307333333	0.5	0.5	0.5
0.307466667	0.307466667	0.5	0.5	0.5
0.3076	0.3076	0.5	0.5	0.5
0.307733333	0.307733333	0.5	0.5	0.5
0.307866667	0.307866667	0.5	0.5	0.5
0.308	0.308	0.5	0.5	0.5
0.308133333	0.308133333	0.5	0.5	0.5
0.308266667	0.308266667	0.5	0.5	0.5
0.3084	0.3084	0.5	0.5	0.5
0.308533333	0.308533333	0.5	0.5	0.5
0.308666667	0.308666667	0.5	0.5	0.5
0.3088	0.3088	0.5	0.5	0.5
0.308933333	0.308933333	0.5	0.5	0.5
0.309066667	0.309066667	0.5	0.5	0.5
0.3092	0.3092	0.5	0.5	0.5
0.309333333	0.309333333	0.5	0.5	0.5
0.309466667	0.309466667	0.5	0.5	0.5
0.3096	0.3096	0.5	0.5	0.5
0.309733333	0.309733333	0.5	0.5	0.5
0.309866667	0.309866667	0.5	0.5	0.5
0.31	0.31	0.5	0.5	0.5
0.310133333	0.310133333	0.5	0.5	0.5
0.310266667	0.310266667	0.5	0.5	0.5
0.3104	0.3104	0.5	0.5	0.5
0.310533333	0.310533333	0.5	0.5	0.5
0.310666667	0.310666667	0.5	0.5	0.5
0.3108	0.3108	0.5	0.5	0.5
0.310933333	0.310933333	0.5	0.5	0.5
0.311066667	0.311066667	0.5	0.5	0.5
0.3112	0.3112	0.5	0.5	0.5
0.311333333	0.311333333	0.5	0.5	0.5
0.311466667	0.311466667	0.5	0.5	0.5
0.3116	0.3116	0.5	0.5	0.5
0.311733333	0.311733333	0.5	0.5	0.5
0.311866667	0.311866667	0.5	0.5	0.5
0.312	0.312	0.5	0.5	0.5
0.312133333	0.312133333	0.5	0.5	0.5
0.312266667	0.312266667	0.5	0.5	0.5
0.3124	0.3124	0.5	0.5	0.5
0.312533333	0.312533333	0.5	0.5	0.5
0.312666667	0.312666667	0.5	0.5	0.5
0.3128	0.3128	0.5	0.5	0.5
0.312933333	0.312933333	0.5	0.5	0.5
0.313066667	0.313066667	0.5	0.5	0.5
0.3132	0.3132	0.5	0.5	0.5
0.313333333	0.313333333	0.5	0.5	0.5
0.313466667	0.313466667	0.5	0.5	0.5
0.3136	0.3136	0.5	0.5	0.5
0.313733333	0.313733333	0.5	0.5	0.5
0.313866667	0.313866667	0.5	0.5	0.5
0.314	0.314	0.5	0.5	0.5
0.314133333	0.314133333	0.5	0.5	0.5
0.314266667	0.314266667	0.5	0.5	0.5
0.3144	0.3144	0.5	0.5	0.5
0.314533333	0.314533333	0.5	0.5	0.5
0.314666667	0.314666667	0.5	0.5	0.5
0.3148	0.3148	0.5	0.5	0.5
0.314933333	0.314933333	0.5	0.5	0.5
0.315066667	0.315066667	0.5	0.5	0.5
0.3152	0.3152	0.5	0.5	0.5
0.315333333	0.315333333	0.5	0.5	0.5
0.315466667	0.315466667	0.5	0.5	0.5
0.3156	0.3156	0.5	0.5	0.5
0.315733333	0.315733333	0.5	0.5	0.5
0.315866667	0.315866667	0.5	0.5	0.5
0.316	0.316	0.5	0.5	0.5
0.316133333	0.316133333	0.5	0.5	0.5
0.316266667	0.316266667	0.5	0.5	0.5
0.3164	0.3164	0.5	0.5	0.5
0.316533333	0.316533333	0.5	0.5	0.5
0.316666667	0.316666667	0.5	0.5	0.5
0.3168	0.3168	0.5	0.5	0.5
0.316933333	0.316933333	0.5	0.5	0.5
0.317066667	0.317066667	0.5	0.5	0.5
0.3172	0.3172	0.5	0.5	0.5
0.317333333	0.317333333	0.5	0.5	0.5
0.317466667	0.317466667	0.5	0.5	0.5
0.3176	0.3176	0.5	0.5	0.5
0.317733333	0.317733333	0.5	0.5	0.5
0.317866667	0.317866667	0.5	0.5	0.5
0.318	0.318	0.5	0.5	0.5
0.318133333	0.318133333	0.5	0.5	0.5
0.318266667	0.318266667	0.5	0.5	0.5
0.3184	0.3184	0.5	0.5	0.5
0.318533333	0.318533333	0.5	0.5	0.5
0.318666667	0.318666667	0.5	0.5	0.5
0.3188	0.3188	0.5	0.5	0.5
0.318933333	0.318933333	0.5	0.5	0.5
0.319066667	0.319066667	0.5	0.5	0.5
0.3192	0.3192	0.5	0.5	0.5
0.319333333	0.319333333	0.5	0.5	0.5
0.319466667	0.319466667	0.5	0.5	0.5
0.3196	0.3196	0.5	0.5	0.5
0.319733333	0.319733333	0.5	0.5	0.5
0.319866667	0.319866667	0.5	0.5	0.5
0.32	0.32	0.5	0.5	0.5
0.320133333	0.320133333	0.5	0.5	0.5
0.320266667	0.320266667	0.5	0.5	0.5
0.3204	0.3204	0.5	0.5	0.5
0.320533333	0.320533333	0.5	0.5	0.5
0.320666667	0.320666667	0.5	0.5	0.5
0.3208	0.3208	0.5	0.5	0.5
0.320933333	0.320933333	0.5	0.5	0.5
0.321066667	0.321066667	0.5	0.5	0.5
0.3212	0.3212	0.5	0.5	0.5
0.321333333	0.321333333	0.5	0.5	0.5
0.321466667	0.321466667	0.5	0.5	0.5
0.3216	0.3216	0.5	0.5	0.5
0.321733333	0.321733333	0.5	0.5	0.5
0.321866667	0.321866667	0.5	0.5	0.5
0.322	0.322	0.5	0.5	0.5
0.322133333	0.322133333	0.5	0.5	0.5
0.322266667	0.322266667	0.5	0.5	0.5
0.3224	0.3224	0.5	0.5	0.5
0.322533333	0.322533333	0.5	0.5	0.5
0.322666667	0.322666667	0.5	0.5	0.5
0.3228	0.3228	0.5	0.5	0.5
0.322933333	0.322933333	0.5	0.5	0.5
0.323066667	0.323066667	0.5	0.5	0.5
0.3232	0.3232	0.5	0.5	0.5
0.323333333	0.323333333	0.5	0.5	0.5
0.323466667	0.323466667	0.5	0.5	0.5
0.3236	0.3236	0.5	0.5	0.5
0.323733333	0.323733333	0.5	0.5	0.5
0.323866667	0.323866667	0.5	0.5	0.5
0.324	0.324	0.5	0.5	0.5
0.324133333	0.324133333	0.5	0.5	0.5
0.324266667	0.324266667	0.5	0.5	0.5
0.3244	0.3244	0.5	0.5	0.5
0.324533333	0.324533333	0.5	0.5	0.5
0.324666667	0.324666667	0.5	0.5	0.5
0.3248	0.3248	0.5	0.5	0.5
0.324933333	0.324933333	0.5	0.5	0.5
0.325066667	0.325066667	0.5	0.5	0.5
0.3252	0.3252	0.5	0.5	0.5
0.325333333	0.325333333	0.5	0.5	0.5
0.325466667	0.325466667	0.5	0.5	0.5
0.3256	0.3256	0.5	0.5	0.5
0.325733333	0.325733333	0.5	0.5	0.5
0.325866667	0.325866667	0.5	0.5	0.5
0.326	0.326	0.5	0.5	0.5
0.326133333	0.326133333	0.5	0.5	0.5
0.326266667	0.326266667	0.5	0.5	0.5
0.3264	0.3264	0.5	0.5	0.5
0.326533333	0.326533333	0.5	0.5	0.5
0.326666667	0.326666667	0.5	0.5	0.5
0.3268	0.3268	0.5	0.5	0.5
0.326933333	0.326933333	0.5	0.5	0.5
0.327066667	0.327066667	0.5	0.5	0.5
0.3272	0.3272	0.5	0.5	0.5
0.327333333	0.327333333	0.5	0.5	0.5
0.327466667	0.327466667	0.5	0.5	0.5
0.3276	0.3276	0.5	0.5	0.5
0.327733333	0.327733333	0.5	0.5	0.5
0.327866667	0.327866667	0.5	0.5	0.5
0.328	0.328	0.5	0.5	0.5
0.328133333	0.328133333	0.5	0.5	0.5
0.328266667	0.328266667	0.5	0.5	0.5
0.3284	0.3284	0.5	0.5	0.5
0.328533333	0.328533333	0.5	0.5	0.5
0.328666667	0.328666667	0.5	0.5	0.5
0.3288	0.3288	0.5	0.5	0.5
0.328933333	0.328933333	0.5	0.5	0.5
0.329066667	0.329066667	0.5	0.5	0.5
0.3292	0.3292	0.5	0.5	0.5
0.329333333	0.329333333	0.5	0.5	0.5
0.329466667	0.329466667	0.5	0.5	0.5
0.3296	0.3296	0.5	0.5	0.5
0.329733333	0.329733333	0.5	0.5	0.5
0.329866667	0.329866667	0.5	0.5	0.5
0.33	0.33	0.5	0.5	0.5
0.330133333	0.330133333	0.5	0.5	0.5
0.330266667	0.330266667	0.5	0.5	0.5
0.3304	0.3304	0.5	0.5	0.5
0.330533333	0.330533333	0.5	0.5	0.5
0.330666667	0.330666667	0.5	0.5	0.5
0.3308	0.3308	0.5	0.5	0.5
0.330933333	0.330933333	0.5	0.5	0.5
0.331066667	0.331066667	0.5	0.5	0.5
0.3312	0.3312	0.5	0.5	0.5
0.331333333	0.331333333	0.5	0.5	0.5
0.331466667	0.331466667	0.5	0.5	0.5
0.3316	0.3316	0.5	0.5	0.5
0.331733333	0.331733333	0.5	0.5	0.5
0.331866667	0.331866667	0.5	0.5	0.5
0.332	0.332	0.5	0.5	0.5
0.332133333	0.332133333	0.5	0.5	0.5
0.332266667	0.332266667	0.5	0.5	0.5
0.3324	0.3324	0.5	0.5	0.5
0.332533333	0.332533333	0.5	0.5	0.5
0.332666667	0.332666667	0.5	0.5	0.5
0.3328	0.3328	0.5	0.5	0.5
0.332933333	0.332933333	0.5	0.5	0.5
0.333066667	0.333066667	0.5	0.5	0.5
0.3332	0.3332	0.5	0.5	0.5
0.333333333	0.333333333	0.5	0.5	0.5
0.333466667	0.333466667	0.5	0.5	0.5
0.3336	0.3336	0.5	0.5	0.5
0.333733333	0.333733333	0.5	0.5	0.5
0.333866667	0.333866667	0.5	0.5	0.5
0.334	0.334	0.5	0.5	0.5
0.334133333	0.334133333	0.5	0.5	0.5
0.334266667	0.334266667	0.5	0.5	0.5
0.3344	0.3344	0.5	0.5	0.5
0.334533333	0.334533333	0.5	0.5	0.5
0.334666667	0.334666667	0.5	0.5	0.5
0.3348	0.3348	0.5	0.5	0.5
0.334933333	0.334933333	0.5	0.5	0.5
0.335066667	0.335066667	0.5	0.5	0.5
0.3352	0.3352	0.5	0.5	0.5
0.335333333	0.335333333	0.5	0.5	0.5
0.335466667	0.335466667	0.5	0.5	0.5
0.3356	0.3356	0.5	0.5	0.5
0.335733333	0.335733333	0.5	0.5	0.5
0.335866667	0.335866667	0.5	0.5	0.5
0.336	0.336	0.5	0.5	0.5
0.336133333	0.336133333	0.5	0.5	0.5
0.336266667	0.336266667	0.5	0.5	0.5
0.3364	0.3364	0.5	0.5	0.5
0.336533333	0.336533333	0.5	0.5	0.5
0.336666667	0.336666667	0.5	0.5	0.5
0.3368	0.3368	0.5	0.5	0.5
0.336933333	0.336933333	0.5	0.5	0.5
0.337066667	0.337066667	0.5	0.5	0.5
0.3372	0.3372	0.5	0.5	0.5
0.337333333	0.337333333	0.5	0.5	0.5
0.337466667	0.337466667	0.5	0.5	0.5
0.3376	0.3376	0.5	0.5	0.5
0.337733333	0.337733333	0.5	0.5	0.5
0.337866667	0.337866667	0.5	0.5	0.5
0.338	0.338	0.5	0.5	0.5
0.338133333	0.338133333	0.5	0.5	0.5
0.338266667	0.338266667	0.5	0.5	0.5
0.3384	0.3384	0.5	0.5	0.5
0.338533333	0.338533333	0.5	0.5	0.5
0.338666667	0.338666667	0.5	0.5	0.5
0.3388	0.3388	0.5	0.5	0.5
0.338933333	0.338933333	0.5	0.5	0.5
0.339066667	0.339066667	0.5	0.5	0.5
0.3392	0.3392	0.5	0.5	0.5
0.339333333	0.339333333	0.5	0.5	0.5
0.339466667	0.339466667	0.5	0.5	0.5
0.3396	0.3396	0.5	0.5	0.5
0.339733333	0.339733333	0.5	0.5	0.5
0.339866667	0.339866667	0.5	0.5	0.5
0.34	0.34	0.5	0.5	0.5
0.340133333	0.340133333	0.5	0.5	0.5
0.340266667	0.340266667	0.5	0.5	0.5
0.3404	0.3404	0.5	0.5	0.5
0.340533333	0.340533333	0.5	0.5	0.5
0.340666667	0.340666667	0.5	0.5	0.5
0.3408	0.3408	0.5	0.5	0.5
0.340933333	0.340933333	0.5	0.5	0.5
0.341066667	0.341066667	0.5	0.5	0.5
0.3412	0.3412	0.5	0.5	0.5
0.341333333	0.341333333	0.5	0.5	0.5
0.341466667	0.341466667	0.5	0.5	0.5
0.3416	0.3416	0.5	0.5	0.5
0.341733333	0.341733333	0.5	0.5	0.5
0.341866667	0.341866667	0.5	0.5	0.5
0.342	0.342	0.5	0.5	0.5
0.342133333	0.342133333	0.5	0.5	0.5
0.342266667	0.342266667	0.5	0.5	0.5
0.3424	0.3424	0.5	0.5	0.5
0.342533333	0.342533333	0.5	0.5	0.5
0.342666667	0.342666667	0.5	0.5	0.5
0.3428	0.3428	0.5	0.5	0.5
0.342933333	0.342933333	0.5	0.5	0.5
0.343066667	0.343066667	0.5	0.5	0.5
0.3432	0.3432	0.5	0.5	0.5
0.343333333	0.343333333	0.5	0.5	0.5
0.343466667	0.343466667	0.5	0.5	0.5
0.3436	0.3436	0.5	0.5	0.5
0.343733333	0.343733333	0.5	0.5	0.5
0.343866667	0.343866667	0.5	0.5	0.5
0.344	0.344	0.5	0.5	0.5
0.344133333	0.344133333	0.5	0.5	0.5
0.344266667	0.344266667	0.5	0.5	0.5
0.3444	0.3444	0.5	0.5	0.5
0.344533333	0.344533333	0.5	0.5	0.5
0.344666667	0.344666667	0.5	0.5	0.5
0.3448	0.3448	0.5	0.5	0.5
0.344933333	0.344933333	0.5	0.5	0.5
0.345066667	0.345066667	0.5	0.5	0.5
0.3452	0.3452	0.5	0.5	0.5
0.345333333	0.345333333	0.5	0.5	0.5
0.345466667	0.345466667	0.5	0.5	0.5
0.3456	0.3456	0.5	0.5	0.5
0.345733333	0.345733333	0.5	0.5	0.5
0.345866667	0.345866667	0.5	0.5	0.5
0.346	0.346	0.5	0.5	0.5
0.346133333	0.346133333	0.5	0.5	0.5
0.346266667	0.346266667	0.5	0.5	0.5
0.3464	0.3464	0.5	0.5	0.5
0.346533333	0.346533333	0.5	0.5	0.5
0.346666667	0.346666667	0.5	0.5	0.5
0.3468	0.3468	0.5	0.5	0.5
0.346933333	0.346933333	0.5	0.5	0.5
0.347066667	0.347066667	0.5	0.5	0.5
0.3472	0.3472	0.5	0.5	0.5
0.347333333	0.347333333	0.5	0.5	0.5
0.347466667	0.347466667	0.5	0.5	0.5
0.3476	0.3476	0.5	0.5	0.5
0.347733333	0.347733333	0.5	0.5	0.5
0.347866667	0.347866667	0.5	0.5	0.5
0.348	0.348	0.5	0.5	0.5
0.348133333	0.348133333	0.5	0.5	0.5
0.348266667	0.348266667	0.5	0.5	0.5
0.3484	0.3484	0.5	0.5	0.5
0.348533333	0.348533333	0.5	0.5	0.5
0.348666667	0.348666667	0.5	0.5	0.5
0.3488	0.3488	0.5	0.5	0.5
0.348933333	0.348933333	0.5	0.5	0.5
0.349066667	0.349066667	0.5	0.5	0.5
0.3492	0.3492	0.5	0.5	0.5
0.349333333	0.349333333	0.5	0.5	0.5
0.349466667	0.349466667	0.5	0.5	0.5
0.3496	0.3496	0.5	0.5	0.5
0.349733333	0.349733333	0.5	0.5	0.5
0.349866667	0.349866667	0.5	0.5	0.5
0.35	0.35	0.5	0.5	0.5
0.350133333	0.350133333	0.5	0.5	0.5
0.350266667	0.350266667	0.5	0.5	0.5
0.3504	0.3504	0.5	0.5	0.5
0.350533333	0.350533333	0.5	0.5	0.5
0.350666667	0.350666667	0.5	0.5	0.5
0.3508	0.3508	0.5	0.5	0.5
0.350933333	0.350933333	0.5	0.5	0.5
0.351066667	0.351066667	0.5	0.5	0.5
0.3512	0.3512	0.5	0.5	0.5
0.351333333	0.351333333	0.5	0.5	0.5
0.351466667	0.351466667	0.5	0.5	0.5
0.3516	0.3516	0.5	0.5	0.5
0.351733333	0.351733333	0.5	0.5	0.5
0.351866667	0.351866667	0.5	0.5	0.5
0.352	0.352	0.5	0.5	0.5
0.352133333	0.352133333	0.5	0.5	0.5
0.352266667	0.352266667	0.5	0.5	0.5
0.3524	0.3524	0.5	0.5	0.5
0.352533333	0.352533333	0.5	0.5	0.5
0.352666667	0.352666667	0.5	0.5	0.5
0.3528	0.3528	0.5	0.5	0.5
0.352933333	0.352933333	0.5	0.5	0.5
0.353066667	0.353066667	0.5	0.5	0.5
0.3532	0.3532	0.5	0.5	0.5
0.353333333	0.353333333	0.5	0.5	0.5
0.353466667	0.353466667	0.5	0.5	0.5
0.3536	0.3536	0.5	0.5	0.5
0.353733333	0.353733333	0.5	0.5	0.5
0.353866667	0.353866667	0.5	0.5	0.5
0.354	0.354	0.5	0.5	0.5
0.354133333	0.354133333	0.5	0.5	0.5
0.354266667	0.354266667	0.5	0.5	0.5
0.3544	0.3544	0.5	0.5	0.5
0.354533333	0.354533333	0.5	0.5	0.5
0.354666667	0.354666667	0.5	0.5	0.5
0.3548	0.3548	0.5	0.5	0.5
0.354933333	0.354933333	0.5	0.5	0.5
0.355066667	0.355066667	0.5	0.5	0.5
0.3552	0.3552	0.5	0.5	0.5
0.355333333	0.355333333	0.5	0.5	0.5
0.355466667	0.355466667	0.5	0.5	0.5
0.3556	0.3556	0.5	0.5	0.5
0.355733333	0.355733333	0.5	0.5	0.5
0.355866667	0.355866667	0.5	0.5	0.5
0.356	0.356	0.5	0.5	0.5
0.356133333	0.356133333	0.5	0.5	0.5
0.356266667	0.356266667	0.5	0.5	0.5
0.3564	0.3564	0.5	0.5	0.5
0.356533333	0.356533333	0.5	0.5	0.5
0.356666667	0.356666667	0.5	0.5	0.5
0.3568	0.3568	0.5	0.5	0.5
0.356933333	0.356933333	0.5	0.5	0.5
0.357066667	0.357066667	0.5	0.5	0.5
0.3572	0.3572	0.5	0.5	0.5
0.357333333	0.357333333	0.5	0.5	0.5
0.357466667	0.357466667	0.5	0.5	0.5
0.3576	0.3576	0.5	0.5	0.5
0.357733333	0.357733333	0.5	0.5	0.5
0.357866667	0.357866667	0.5	0.5	0.5
0.358	0.358	0.5	0.5	0.5
0.358133333	0.358133333	0.5	0.5	0.5
0.358266667	0.358266667	0.5	0.5	0.5
0.3584	0.3584	0.5	0.5	0.5
0.358533333	0.358533333	0.5	0.5	0.5
0.358666667	0.358666667	0.5	0.5	0.5
0.3588	0.3588	0.5	0.5	0.5
0.358933333	0.358933333	0.5	0.5	0.5
0.359066667	0.359066667	0.5	0.5	0.5
0.3592	0.3592	0.5	0.5	0.5
0.359333333	0.359333333	0.5	0.5	0.5
0.359466667	0.359466667	0.5	0.5	0.5
0.3596	0.3596	0.5	0.5	0.5
0.359733333	0.359733333	0.5	0.5	0.5
0.359866667	0.359866667	0.5	0.5	0.5
0.36	0.36	0.5	0.5	0.5
0.360133333	0.360133333	0.5	0.5	0.5
0.360266667	0.360266667	0.5	0.5	0.5
0.3604	0.3604	0.5	0.5	0.5
0.360533333	0.360533333	0.5	0.5	0.5
0.360666667	0.360666667	0.5	0.5	0.5
0.3608	0.3608	0.5	0.5	0.5
0.360933333	0.360933333	0.5	0.5	0.5
0.361066667	0.361066667	0.5	0.5	0.5
0.3612	0.3612	0.5	0.5	0.5
0.361333333	0.361333333	0.5	0.5	0.5
0.361466667	0.361466667	0.5	0.5	0.5
0.3616	0.3616	0.5	0.5	0.5
0.361733333	0.361733333	0.5	0.5	0.5
0.361866667	0.361866667	0.5	0.5	0.5
0.362	0.362	0.5	0.5	0.5
0.362133333	0.362133333	0.5	0.5	0.5
0.362266667	0.362266667	0.5	0.5	0.5
0.3624	0.3624	0.5	0.5	0.5
0.362533333	0.362533333	0.5	0.5	0.5
0.362666667	0.362666667	0.5	0.5	0.5
0.3628	0.3628	0.5	0.5	0.5
0.362933333	0.362933333	0.5	0.5	0.5
0.363066667	0.363066667	0.5	0.5	0.5
0.3632	0.3632	0.5	0.5	0.5
0.363333333	0.363333333	0.5	0.5	0.5
0.363466667	0.363466667	0.5	0.5	0.5
0.3636	0.3636	0.5	0.5	0.5
0.363733333	0.363733333	0.5	0.5	0.5
0.363866667	0.363866667	0.5	0.5	0.5
0.364	0.364	0.5	0.5	0.5
0.364133333	0.364133333	0.5	0.5	0.5
0.364266667	0.364266667	0.5	0.5	0.5
0.3644	0.3644	0.5	0.5	0.5
0.364533333	0.364533333	0.5	0.5	0.5
0.364666667	0.364666667	0.5	0.5	0.5
0.3648	0.3648	0.5	0.5	0.5
0.364933333	0.364933333	0.5	0.5	0.5
0.365066667	0.365066667	0.5	0.5	0.5
0.3652	0.3652	0.5	0.5	0.5
0.365333333	0.365333333	0.5	0.5	0.5
0.365466667	0.365466667	0.5	0.5	0.5
0.3656	0.3656	0.5	0.5	0.5
0.365733333	0.365733333	0.5	0.5	0.5
0.365866667	0.365866667	0.5	0.5	0.5
0.366	0.366	0.5	0.5	0.5
0.366133333	0.366133333	0.5	0.5	0.5
0.366266667	0.366266667	0.5	0.5	0.5
0.3664	0.3664	0.5	0.5	0.5
0.366533333	0.366533333	0.5	0.5	0.5
0.366666667	0.366666667	0.5	0.5	0.5
0.3668	0.3668	0.5	0.5	0.5
0.366933333	0.366933333	0.5	0.5	0.5
0.367066667	0.367066667	0.5	0.5	0.5
0.3672	0.3672	0.5	0.5	0.5
0.367333333	0.367333333	0.5	0.5	0.5
0.367466667	0.367466667	0.5	0.5	0.5
0.3676	0.3676	0.5	0.5	0.5
0.367733333	0.367733333	0.5	0.5	0.5
0.367866667	0.367866667	0.5	0.5	0.5
0.368	0.368	0.5	0.5	0.5
0.368133333	0.368133333	0.5	0.5	0.5
0.368266667	0.368266667	0.5	0.5	0.5
0.3684	0.3684	0.5	0.5	0.5
0.368533333	0.368533333	0.5	0.5	0.5
0.368666667	0.368666667	0.5	0.5	0.5
0.3688	0.3688	0.5	0.5	0.5
0.368933333	0.368933333	0.5	0.5	0.5
0.369066667	0.369066667	0.5	0.5	0.5
0.3692	0.3692	0.5	0.5	0.5
0.369333333	0.369333333	0.5	0.5	0.5
0.369466667	0.369466667	0.5	0.5	0.5
0.3696	0.3696	0.5	0.5	0.5
0.369733333	0.369733333	0.5	0.5	0.5
0.369866667	0.369866667	0.5	0.5	0.5
0.37	0.37	0.5	0.5	0.5
0.370133333	0.370133333	0.5	0.5	0.5
0.370266667	0.370266667	0.5	0.5	0.5
0.3704	0.3704	0.5	0.5	0.5
0.370533333	0.370533333	0.5	0.5	0.5
0.370666667	0.370666667	0.5	0.5	0.5
0.3708	0.3708	0.5	0.5	0.5
0.370933333	0.370933333	0.5	0.5	0.5
0.371066667	0.371066667	0.5	0.5	0.5
0.3712	0.3712	0.5	0.5	0.5
0.371333333	0.371333333	0.5	0.5	0.5
0.371466667	0.371466667	0.5	0.5	0.5
0.3716	0.3716	0.5	0.5	0.5
0.371733333	0.371733333	0.5	0.5	0.5
0.371866667	0.371866667	0.5	0.5	0.5
0.372	0.372	0.5	0.5	0.5
0.372133333	0.372133333	0.5	0.5	0.5
0.372266667	0.372266667	0.5	0.5	0.5
0.3724	0.3724	0.5	0.5	0.5
0.372533333	0.372533333	0.5	0.5	0.5
0.372666667	0.372666667	0.5	0.5	0.5
0.3728	0.3728	0.5	0.5	0.5
0.372933333	0.372933333	0.5	0.5	0.5
0.373066667	0.373066667	0.5	0.5	0.5
0.3732	0.3732	0.5	0.5	0.5
0.373333333	0.373333333	0.5	0.5	0.5
0.373466667	0.373466667	0.5	0.5	0.5
0.3736	0.3736	0.5	0.5	0.5
0.373733333	0.373733333	0.5	0.5	0.5
0.373866667	0.373866667	0.5	0.5	0.5
0.374	0.374	0.5	0.5	0.5
0.374133333	0.374133333	0.5	0.5	0.5
0.374266667	0.374266667	0.5	0.5	0.5
0.3744	0.3744	0.5	0.5	0.5
0.374533333	0.374533333	0.5	0.5	0.5
0.374666667	0.374666667	0.5	0.5	0.5
0.3748	0.3748	0.5	0.5	0.5
0.374933333	0.374933333	0.5	0.5	0.5
0.375066667	0.375066667	0.5	0.5	0.5
0.3752	0.3752	0.5	0.5	0.5
0.375333333	0.375333333	0.5	0.5	0.5
0.375466667	0.375466667	0.5	0.5	0.5
0.3756	0.3756	0.5	0.5	0.5
0.375733333	0.375733333	0.5	0.5	0.5
0.375866667	0.375866667	0.5	0.5	0.5
0.376	0.376	0.5	0.5	0.5
0.376133333	0.376133333	0.5	0.5	0.5
0.376266667	0.376266667	0.5	0.5	0.5
0.3764	0.3764	0.5	0.5	0.5
0.376533333	0.376533333	0.5	0.5	0.5
0.376666667	0.376666667	0.5	0.5	0.5
0.3768	0.3768	0.5	0.5	0.5
0.376933333	0.376933333	0.5	0.5	0.5
0.377066667	0.377066667	0.5	0.5	0.5
0.3772	0.3772	0.5	0.5	0.5
0.377333333	0.377333333	0.5	0.5	0.5
0.377466667	0.377466667	0.5	0.5	0.5
0.3776	0.3776	0.5	0.5	0.5
0.377733333	0.377733333	0.5	0.5	0.5
0.377866667	0.377866667	0.5	0.5	0.5
0.378	0.378	0.5	0.5	0.5
0.378133333	0.378133333	0.5	0.5	0.5
0.378266667	0.378266667	0.5	0.5	0.5
0.3784	0.3784	0.5	0.5	0.5
0.378533333	0.378533333	0.5	0.5	0.5
0.378666667	0.378666667	0.5	0.5	0.5
0.3788	0.3788	0.5	0.5	0.5
0.378933333	0.378933333	0.5	0.5	0.5
0.379066667	0.379066667	0.5	0.5	0.5
0.3792	0.3792	0.5	0.5	0.5
0.379333333	0.379333333	0.5	0.5	0.5
0.379466667	0.379466667	0.5	0.5	0.5
0.3796	0.3796	0.5	0.5	0.5
0.379733333	0.379733333	0.5	0.5	0.5
0.379866667	0.379866667	0.5	0.5	0.5
0.38	0.38	0.5	0.5	0.5
0.380133333	0.380133333	0.5	0.5	0.5
0.380266667	0.380266667	0.5	0.5	0.5
0.3804	0.3804	0.5	0.5	0.5
0.380533333	0.380533333	0.5	0.5	0.5
0.380666667	0.380666667	0.5	0.5	0.5
0.3808	0.3808	0.5	0.5	0.5
0.380933333	0.380933333	0.5	0.5	0.5
0.381066667	0.381066667	0.5	0.5	0.5
0.3812	0.3812	0.5	0.5	0.5
0.381333333	0.381333333	0.5	0.5	0.5
0.381466667	0.381466667	0.5	0.5	0.5
0.3816	0.3816	0.5	0.5	0.5
0.381733333	0.381733333	0.5	0.5	0.5
0.381866667	0.381866667	0.5	0.5	0.5
0.382	0.382	0.5	0.5	0.5
0.382133333	0.382133333	0.5	0.5	0.5
0.382266667	0.382266667	0.5	0.5	0.5
0.3824	0.3824	0.5	0.5	0.5
0.382533333	0.382533333	0.5	0.5	0.5
0.382666667	0.382666667	0.5	0.5	0.5
0.3828	0.3828	0.5	0.5	0.5
0.382933333	0.382933333	0.5	0.5	0.5
0.383066667	0.383066667	0.5	0.5	0.5
0.3832	0.3832	0.5	0.5	0.5
0.383333333	0.383333333	0.5	0.5	0.5
0.383466667	0.383466667	0.5	0.5	0.5
0.3836	0.3836	0.5	0.5	0.5
0.383733333	0.383733333	0.5	0.5	0.5
0.383866667	0.383866667	0.5	0.5	0.5
0.384	0.384	0.5	0.5	0.5
0.384133333	0.384133333	0.5	0.5	0.5
0.384266667	0.384266667	0.5	0.5	0.5
0.3844	0.3844	0.5	0.5	0.5
0.384533333	0.384533333	0.5	0.5	0.5
0.384666667	0.384666667	0.5	0.5	0.5
0.3848	0.3848	0.5	0.5	0.5
0.384933333	0.384933333	0.5	0.5	0.5
0.385066667	0.385066667	0.5	0.5	0.5
0.3852	0.3852	0.5	0.5	0.5
0.385333333	0.385333333	0.5	0.5	0.5
0.385466667	0.385466667	0.5	0.5	0.5
0.3856	0.3856	0.5	0.5	0.5
0.385733333	0.385733333	0.5	0.5	0.5
0.385866667	0.385866667	0.5	0.5	0.5
0.386	0.386	0.5	0.5	0.5
0.386133333	0.386133333	0.5	0.5	0.5
0.386266667	0.386266667	0.5	0.5	0.5
0.3864	0.3864	0.5	0.5	0.5
0.386533333	0.386533333	0.5	0.5	0.5
0.386666667	0.386666667	0.5	0.5	0.5
0.3868	0.3868	0.5	0.5	0.5
0.386933333	0.386933333	0.5	0.5	0.5
0.387066667	0.387066667	0.5	0.5	0.5
0.3872	0.3872	0.5	0.5	0.5
0.387333333	0.387333333	0.5	0.5	0.5
0.387466667	0.387466667	0.5	0.5	0.5
0.3876	0.3876	0.5	0.5	0.5
0.387733333	0.387733333	0.5	0.5	0.5
0.387866667	0.387866667	0.5	0.5	0.5
0.388	0.388	0.5	0.5	0.5
0.388133333	0.388133333	0.5	0.5	0.5
0.388266667	0.388266667	0.5	0.5	0.5
0.3884	0.3884	0.5	0.5	0.5
0.388533333	0.388533333	0.5	0.5	0.5
0.388666667	0.388666667	0.5	0.5	0.5
0.3888	0.3888	0.5	0.5	0.5
0.388933333	0.388933333	0.5	0.5	0.5
0.389066667	0.389066667	0.5	0.5	0.5
0.3892	0.3892	0.5	0.5	0.5
0.389333333	0.389333333	0.5	0.5	0.5
0.389466667	0.389466667	0.5	0.5	0.5
0.3896	0.3896	0.5	0.5	0.5
0.389733333	0.389733333	0.5	0.5	0.5
0.389866667	0.389866667	0.5	0.5	0.5
0.39	0.39	0.5	0.5	0.5
0.390133333	0.390133333	0.5	0.5	0.5
0.390266667	0.390266667	0.5	0.5	0.5
0.3904	0.3904	0.5	0.5	0.5
0.390533333	0.390533333	0.5	0.5	0.5
0.390666667	0.390666667	0.5	0.5	0.5
0.3908	0.3908	0.5	0.5	0.5
0.390933333	0.390933333	0.5	0.5	0.5
0.391066667	0.391066667	0.5	0.5	0.5
0.3912	0.3912	0.5	0.5	0.5
0.391333333	0.391333333	0.5	0.5	0.5
0.391466667	0.391466667	0.5	0.5	0.5
0.3916	0.3916	0.5	0.5	0.5
0.391733333	0.391733333	0.5	0.5	0.5
0.391866667	0.391866667	0.5	0.5	0.5
0.392	0.392	0.5	0.5	0.5
0.392133333	0.392133333	0.5	0.5	0.5
0.392266667	0.392266667	0.5	0.5	0.5
0.3924	0.3924	0.5	0.5	0.5
0.392533333	0.392533333	0.5	0.5	0.5
0.392666667	0.392666667	0.5	0.5	0.5
0.3928	0.3928	0.5	0.5	0.5
0.392933333	0.392933333	0.5	0.5	0.5
0.393066667	0.393066667	0.5	0.5	0.5
0.3932	0.3932	0.5	0.5	0.5
0.393333333	0.393333333	0.5	0.5	0.5
0.393466667	0.393466667	0.5	0.5	0.5
0.3936	0.3936	0.5	0.5	0.5
0.393733333	0.393733333	0.5	0.5	0.5
0.393866667	0.393866667	0.5	0.5	0.5
0.394	0.394	0.5	0.5	0.5
0.394133333	0.394133333	0.5	0.5	0.5
0.394266667	0.394266667	0.5	0.5	0.5
0.3944	0.3944	0.5	0.5	0.5
0.394533333	0.394533333	0.5	0.5	0.5
0.394666667	0.394666667	0.5	0.5	0.5
0.3948	0.3948	0.5	0.5	0.5
0.394933333	0.394933333	0.5	0.5	0.5
0.395066667	0.395066667	0.5	0.5	0.5
0.3952	0.3952	0.5	0.5	0.5
0.395333333	0.395333333	0.5	0.5	0.5
0.395466667	0.395466667	0.5	0.5	0.5
0.3956	0.3956	0.5	0.5	0.5
0.395733333	0.395733333	0.5	0.5	0.5
0.395866667	0.395866667	0.5	0.5	0.5
0.396	0.396	0.5	0.5	0.5
0.396133333	0.396133333	0.5	0.5	0.5
0.396266667	0.396266667	0.5	0.5	0.5
0.3964	0.3964	0.5	0.5	0.5
0.396533333	0.396533333	0.5	0.5	0.5
0.396666667	0.396666667	0.5	0.5	0.5
0.3968	0.3968	0.5	0.5	0.5
0.396933333	0.396933333	0.5	0.5	0.5
0.397066667	0.397066667	0.5	0.5	0.5
0.3972	0.3972	0.5	0.5	0.5
0.397333333	0.397333333	0.5	0.5	0.5
0.397466667	0.397466667	0.5	0.5	0.5
0.3976	0.3976	0.5	0.5	0.5
0.397733333	0.397733333	0.5	0.5	0.5
0.397866667	0.397866667	0.5	0.5	0.5
0.398	0.398	0.5	0.5	0.5
0.398133333	0.398133333	0.5	0.5	0.5
0.398266667	0.398266667	0.5	0.5	0.5
0.3984	0.3984	0.5	0.5	0.5
0.398533333	0.398533333	0.5	0.5	0.5
0.398666667	0.398666667	0.5	0.5	0.5
0.3988	0.3988	0.5	0.5	0.5
0.398933333	0.398933333	0.5	0.5	0.5
0.399066667	0.399066667	0.5	0.5	0.5
0.3992	0.3992	0.5	0.5	0.5
0.399333333	0.399333333	0.5	0.5	0.5
0.399466667	0.399466667	0.5	0.5	0.5
0.3996	0.3996	0.5	0.5	0.5
0.399733333	0.399733333	0.5	0.5	0.5
0.399866667	0.399866667	0.5	0.5	0.5
0.4	0.4	0.5	0.5	0.5
0.400133333	0.400133333	0.5	0.5	0.5
0.400266667	0.400266667	0.5	0.5	0.5
0.4004	0.4004	0.5	0.5	0.5
0.400533333	0.400533333	0.5	0.5	0.5
0.400666667	0.400666667	0.5	0.5	0.5
0.4008	0.4008	0.5	0.5	0.5
0.400933333	0.400933333	0.5	0.5	0.5
0.401066667	0.401066667	0.5	0.5	0.5
0.4012	0.4012	0.5	0.5	0.5
0.401333333	0.401333333	0.5	0.5	0.5
0.401466667	0.401466667	0.5	0.5	0.5
0.4016	0.4016	0.5	0.5	0.5
0.401733333	0.401733333	0.5	0.5	0.5
0.401866667	0.401866667	0.5	0.5	0.5
0.402	0.402	0.5	0.5	0.5
0.402133333	0.402133333	0.5	0.5	0.5
0.402266667	0.402266667	0.5	0.5	0.5
0.4024	0.4024	0.5	0.5	0.5
0.402533333	0.402533333	0.5	0.5	0.5
0.402666667	0.402666667	0.5	0.5	0.5
0.4028	0.4028	0.5	0.5	0.5
0.402933333	0.402933333	0.5	0.5	0.5
0.403066667	0.403066667	0.5	0.5	0.5
0.4032	0.4032	0.5	0.5	0.5
0.403333333	0.403333333	0.5	0.5	0.5
0.403466667	0.403466667	0.5	0.5	0.5
0.4036	0.4036	0.5	0.5	0.5
0.403733333	0.403733333	0.5	0.5	0.5
0.403866667	0.403866667	0.5	0.5	0.5
0.404	0.404	0.5	0.5	0.5
0.404133333	0.404133333	0.5	0.5	0.5
0.404266667	0.404266667	0.5	0.5	0.5
0.4044	0.4044	0.5	0.5	0.5
0.404533333	0.404533333	0.5	0.5	0.5
0.404666667	0.404666667	0.5	0.5	0.5
0.4048	0.4048	0.5	0.5	0.5
0.404933333	0.404933333	0.5	0.5	0.5
0.405066667	0.405066667	0.5	0.5	0.5
0.4052	0.4052	0.5	0.5	0.5
0.405333333	0.405333333	0.5	0.5	0.5
0.405466667	0.405466667	0.5	0.5	0.5
0.4056	0.4056	0.5	0.5	0.5
0.405733333	0.405733333	0.5	0.5	0.5
0.405866667	0.405866667	0.5	0.5	0.5
0.406	0.406	0.5	0.5	0.5
0.406133333	0.406133333	0.5	0.5	0.5
0.406266667	0.406266667	0.5	0.5	0.5
0.4064	0.4064	0.5	0.5	0.5
0.406533333	0.406533333	0.5	0.5	0.5
0.406666667	0.406666667	0.5	0.5	0.5
0.4068	0.4068	0.5	0.5	0.5
0.406933333	0.406933333	0.5	0.5	0.5
0.407066667	0.407066667	0.5	0.5	0.5
0.4072	0.4072	0.5	0.5	0.5
0.407333333	0.407333333	0.5	0.5	0.5
0.407466667	0.407466667	0.5	0.5	0.5
0.4076	0.4076	0.5	0.5	0.5
0.407733333	0.407733333	0.5	0.5	0.5
0.407866667	0.407866667	0.5	0.5	0.5
0.408	0.408	0.5	0.5	0.5
0.408133333	0.408133333	0.5	0.5	0.5
0.408266667	0.408266667	0.5	0.5	0.5
0.4084	0.4084	0.5	0.5	0.5
0.408533333	0.408533333	0.5	0.5	0.5
0.408666667	0.408666667	0.5	0.5	0.5
0.4088	0.4088	0.5	0.5	0.5
0.408933333	0.408933333	0.5	0.5	0.5
0.409066667	0.409066667	0.5	0.5	0.5
0.4092	0.4092	0.5	0.5	0.5
0.409333333	0.409333333	0.5	0.5	0.5
0.409466667	0.409466667	0.5	0.5	0.5
0.4096	0.4096	0.5	0.5	0.5
0.409733333	0.409733333	0.5	0.5	0.5
0.409866667	0.409866667	0.5	0.5	0.5
0.41	0.41	0.5	0.5	0.5
0.410133333	0.410133333	0.5	0.5	0.5
0.410266667	0.410266667	0.5	0.5	0.5
0.4104	0.4104	0.5	0.5	0.5
0.410533333	0.410533333	0.5	0.5	0.5
0.410666667	0.410666667	0.5	0.5	0.5
0.4108	0.4108	0.5	0.5	0.5
0.410933333	0.410933333	0.5	0.5	0.5
0.411066667	0.411066667	0.5	0.5	0.5
0.4112	0.4112	0.5	0.5	0.5
0.411333333	0.411333333	0.5	0.5	0.5
0.411466667	0.411466667	0.5	0.5	0.5
0.4116	0.4116	0.5	0.5	0.5
0.411733333	0.411733333	0.5	0.5	0.5
0.411866667	0.411866667	0.5	0.5	0.5
0.412	0.412	0.5	0.5	0.5
0.412133333	0.412133333	0.5	0.5	0.5
0.412266667	0.412266667	0.5	0.5	0.5
0.4124	0.4124	0.5	0.5	0.5
0.412533333	0.412533333	0.5	0.5	0.5
0.412666667	0.412666667	0.5	0.5	0.5
0.4128	0.4128	0.5	0.5	0.5
0.412933333	0.412933333	0.5	0.5	0.5
0.413066667	0.413066667	0.5	0.5	0.5
0.4132	0.4132	0.5	0.5	0.5
0.413333333	0.413333333	0.5	0.5	0.5
0.413466667	0.413466667	0.5	0.5	0.5
0.4136	0.4136	0.5	0.5	0.5
0.413733333	0.413733333	0.5	0.5	0.5
0.413866667	0.413866667	0.5	0.5	0.5
0.414	0.414	0.5	0.5	0.5
0.414133333	0.414133333	0.5	0.5	0.5
0.414266667	0.414266667	0.5	0.5	0.5
0.4144	0.4144	0.5	0.5	0.5
0.414533333	0.414533333	0.5	0.5	0.5
0.414666667	0.414666667	0.5	0.5	0.5
0.4148	0.4148	0.5	0.5	0.5
0.414933333	0.414933333	0.5	0.5	0.5
0.415066667	0.415066667	0.5	0.5	0.5
0.4152	0.4152	0.5	0.5	0.5
0.415333333	0.415333333	0.5	0.5	0.5
0.415466667	0.415466667	0.5	0.5	0.5
0.4156	0.4156	0.5	0.5	0.5
0.415733333	0.415733333	0.5	0.5	0.5
0.415866667	0.415866667	0.5	0.5	0.5
0.416	0.416	0.5	0.5	0.5
0.416133333	0.416133333	0.5	0.5	0.5
0.416266667	0.416266667	0.5	0.5	0.5
0.4164	0.4164	0.5	0.5	0.5
0.416533333	0.416533333	0.5	0.5	0.5
0.416666667	0.416666667	0.5	0.5	0.5
0.4168	0.4168	0.5	0.5	0.5
0.416933333	0.416933333	0.5	0.5	0.5
0.417066667	0.417066667	0.5	0.5	0.5
0.4172	0.4172	0.5	0.5	0.5
0.417333333	0.417333333	0.5	0.5	0.5
0.417466667	0.417466667	0.5	0.5	0.5
0.4176	0.4176	0.5	0.5	0.5
0.417733333	0.417733333	0.5	0.5	0.5
0.417866667	0.417866667	0.5	0.5	0.5
0.418	0.418	0.5	0.5	0.5
0.418133333	0.418133333	0.5	0.5	0.5
0.418266667	0.418266667	0.5	0.5	0.5
0.4184	0.4184	0.5	0.5	0.5
0.418533333	0.418533333	0.5	0.5	0.5
0.418666667	0.418666667	0.5	0.5	0.5
0.4188	0.4188	0.5	0.5	0.5
0.418933333	0.418933333	0.5	0.5	0.5
0.419066667	0.419066667	0.5	0.5	0.5
0.4192	0.4192	0.5	0.5	0.5
0.419333333	0.419333333	0.5	0.5	0.5
0.419466667	0.419466667	0.5	0.5	0.5
0.4196	0.4196	0.5	0.5	0.5
0.419733333	0.419733333	0.5	0.5	0.5
0.419866667	0.419866667	0.5	0.5	0.5
0.42	0.42	0.5	0.5	0.5
0.420133333	0.420133333	0.5	0.5	0.5
0.420266667	0.420266667	0.5	0.5	0.5
0.4204	0.4204	0.5	0.5	0.5
0.420533333	0.420533333	0.5	0.5	0.5
0.420666667	0.420666667	0.5	0.5	0.5
0.4208	0.4208	0.5	0.5	0.5
0.420933333	0.420933333	0.5	0.5	0.5
0.421066667	0.421066667	0.5	0.5	0.5
0.4212	0.4212	0.5	0.5	0.5
0.421333333	0.421333333	0.5	0.5	0.5
0.421466667	0.421466667	0.5	0.5	0.5
0.4216	0.4216	0.5	0.5	0.5
0.421733333	0.421733333	0.5	0.5	0.5
0.421866667	0.421866667	0.5	0.5	0.5
0.422	0.422	0.5	0.5	0.5
0.422133333	0.422133333	0.5	0.5	0.5
0.422266667	0.422266667	0.5	0.5	0.5
0.4224	0.4224	0.5	0.5	0.5
0.422533333	0.422533333	0.5	0.5	0.5
0.422666667	0.422666667	0.5	0.5	0.5
0.4228	0.4228	0.5	0.5	0.5
0.422933333	0.422933333	0.5	0.5	0.5
0.423066667	0.423066667	0.5	0.5	0.5
0.4232	0.4232	0.5	0.5	0.5
0.423333333	0.423333333	0.5	0.5	0.5
0.423466667	0.423466667	0.5	0.5	0.5
0.4236	0.4236	0.5	0.5	0.5
0.423733333	0.423733333	0.5	0.5	0.5
0.423866667	0.423866667	0.5	0.5	0.5
0.424	0.424	0.5	0.5	0.5
0.424133333	0.424133333	0.5	0.5	0.5
0.424266667	0.424266667	0.5	0.5	0.5
0.4244	0.4244	0.5	0.5	0.5
0.424533333	0.424533333	0.5	0.5	0.5
0.424666667	0.424666667	0.5	0.5	0.5
0.4248	0.4248	0.5	0.5	0.5
0.424933333	0.424933333	0.5	0.5	0.5
0.425066667	0.425066667	0.5	0.5	0.5
0.4252	0.4252	0.5	0.5	0.5
0.425333333	0.425333333	0.5	0.5	0.5
0.425466667	0.425466667	0.5	0.5	0.5
0.4256	0.4256	0.5	0.5	0.5
0.425733333	0.425733333	0.5	0.5	0.5
0.425866667	0.425866667	0.5	0.5	0.5
0.426	0.426	0.5	0.5	0.5
0.426133333	0.426133333	0.5	0.5	0.5
0.426266667	0.426266667	0.5	0.5	0.5
0.4264	0.4264	0.5	0.5	0.5
0.426533333	0.426533333	0.5	0.5	0.5
0.426666667	0.426666667	0.5	0.5	0.5
0.4268	0.4268	0.5	0.5	0.5
0.426933333	0.426933333	0.5	0.5	0.5
0.427066667	0.427066667	0.5	0.5	0.5
0.4272	0.4272	0.5	0.5	0.5
0.427333333	0.427333333	0.5	0.5	0.5
0.427466667	0.427466667	0.5	0.5	0.5
0.4276	0.4276	0.5	0.5	0.5
0.427733333	0.427733333	0.5	0.5	0.5
0.427866667	0.427866667	0.5	0.5	0.5
0.428	0.428	0.5	0.5	0.5
0.428133333	0.428133333	0.5	0.5	0.5
0.428266667	0.428266667	0.5	0.5	0.5
0.4284	0.4284	0.5	0.5	0.5
0.428533333	0.428533333	0.5	0.5	0.5
0.428666667	0.428666667	0.5	0.5	0.5
0.4288	0.4288	0.5	0.5	0.5
0.428933333	0.428933333	0.5	0.5	0.5
0.429066667	0.429066667	0.5	0.5	0.5
0.4292	0.4292	0.5	0.5	0.5
0.429333333	0.429333333	0.5	0.5	0.5
0.429466667	0.429466667	0.5	0.5	0.5
0.4296	0.4296	0.5	0.5	0.5
0.429733333	0.429733333	0.5	0.5	0.5
0.429866667	0.429866667	0.5	0.5	0.5
0.43	0.43	0.5	0.5	0.5
0.430133333	0.430133333	0.5	0.5	0.5
0.430266667	0.430266667	0.5	0.5	0.5
0.4304	0.4304	0.5	0.5	0.5
0.430533333	0.430533333	0.5	0.5	0.5
0.430666667	0.430666667	0.5	0.5	0.5
0.4308	0.4308	0.5	0.5	0.5
0.430933333	0.430933333	0.5	0.5	0.5
0.431066667	0.431066667	0.5	0.5	0.5
0.4312	0.4312	0.5	0.5	0.5
0.431333333	0.431333333	0.5	0.5	0.5
0.431466667	0.431466667	0.5	0.5	0.5
0.4316	0.4316	0.5	0.5	0.5
0.431733333	0.431733333	0.5	0.5	0.5
0.431866667	0.431866667	0.5	0.5	0.5
0.432	0.432	0.5	0.5	0.5
0.432133333	0.432133333	0.5	0.5	0.5
0.432266667	0.432266667	0.5	0.5	0.5
0.4324	0.4324	0.5	0.5	0.5
0.432533333	0.432533333	0.5	0.5	0.5
0.432666667	0.432666667	0.5	0.5	0.5
0.4328	0.4328	0.5	0.5	0.5
0.432933333	0.432933333	0.5	0.5	0.5
0.433066667	0.433066667	0.5	0.5	0.5
0.4332	0.4332	0.5	0.5	0.5
0.433333333	0.433333333	0.5	0.5	0.5
0.433466667	0.433466667	0.5	0.5	0.5
0.4336	0.4336	0.5	0.5	0.5
0.433733333	0.433733333	0.5	0.5	0.5
0.433866667	0.433866667	0.5	0.5	0.5
0.434	0.434	0.5	0.5	0.5
0.434133333	0.434133333	0.5	0.5	0.5
0.434266667	0.434266667	0.5	0.5	0.5
0.4344	0.4344	0.5	0.5	0.5
0.434533333	0.434533333	0.5	0.5	0.5
0.434666667	0.434666667	0.5	0.5	0.5
0.4348	0.4348	0.5	0.5	0.5
0.434933333	0.434933333	0.5	0.5	0.5
0.435066667	0.435066667	0.5	0.5	0.5
0.4352	0.4352	0.5	0.5	0.5
0.435333333	0.435333333	0.5	0.5	0.5
0.435466667	0.435466667	0.5	0.5	0.5
0.4356	0.4356	0.5	0.5	0.5
0.435733333	0.435733333	0.5	0.5	0.5
0.435866667	0.435866667	0.5	0.5	0.5
0.436	0.436	0.5	0.5	0.5
0.436133333	0.436133333	0.5	0.5	0.5
0.436266667	0.436266667	0.5	0.5	0.5
0.4364	0.4364	0.5	0.5	0.5
0.436533333	0.436533333	0.5	0.5	0.5
0.436666667	0.436666667	0.5	0.5	0.5
0.4368	0.4368	0.5	0.5	0.5
0.436933333	0.436933333	0.5	0.5	0.5
0.437066667	0.437066667	0.5	0.5	0.5
0.4372	0.4372	0.5	0.5	0.5
0.437333333	0.437333333	0.5	0.5	0.5
0.437466667	0.437466667	0.5	0.5	0.5
0.4376	0.4376	0.5	0.5	0.5
0.437733333	0.437733333	0.5	0.5	0.5
0.437866667	0.437866667	0.5	0.5	0.5
0.438	0.438	0.5	0.5	0.5
0.438133333	0.438133333	0.5	0.5	0.5
0.438266667	0.438266667	0.5	0.5	0.5
0.4384	0.4384	0.5	0.5	0.5
0.438533333	0.438533333	0.5	0.5	0.5
0.438666667	0.438666667	0.5	0.5	0.5
0.4388	0.4388	0.5	0.5	0.5
0.438933333	0.438933333	0.5	0.5	0.5
0.439066667	0.439066667	0.5	0.5	0.5
0.4392	0.4392	0.5	0.5	0.5
0.439333333	0.439333333	0.5	0.5	0.5
0.439466667	0.439466667	0.5	0.5	0.5
0.4396	0.4396	0.5	0.5	0.5
0.439733333	0.439733333	0.5	0.5	0.5
0.439866667	0.439866667	0.5	0.5	0.5
0.44	0.44	0.5	0.5	0.5
0.440133333	0.440133333	0.5	0.5	0.5
0.440266667	0.440266667	0.5	0.5	0.5
0.4404	0.4404	0.5	0.5	0.5
0.440533333	0.440533333	0.5	0.5	0.5
0.440666667	0.440666667	0.5	0.5	0.5
0.4408	0.4408	0.5	0.5	0.5
0.440933333	0.440933333	0.5	0.5	0.5
0.441066667	0.441066667	0.5	0.5	0.5
0.4412	0.4412	0.5	0.5	0.5
0.441333333	0.441333333	0.5	0.5	0.5
0.441466667	0.441466667	0.5	0.5	0.5
0.4416	0.4416	0.5	0.5	0.5
0.441733333	0.441733333	0.5	0.5	0.5
0.441866667	0.441866667	0.5	0.5	0.5
0.442	0.442	0.5	0.5	0.5
0.442133333	0.442133333	0.5	0.5	0.5
0.442266667	0.442266667	0.5	0.5	0.5
0.4424	0.4424	0.5	0.5	0.5
0.442533333	0.442533333	0.5	0.5	0.5
0.442666667	0.442666667	0.5	0.5	0.5
0.4428	0.4428	0.5	0.5	0.5
0.442933333	0.442933333	0.5	0.5	0.5